temp_envi_cA_3
23.28421734272996
23.42794419015777
23.578877161476917
23.73477190231795
23.941196535618168
24.188205295674564
24.31202946543371
24.302829035935112
24.2317886935032
24.054190312878497
23.877372772259974
23.70641182334821
23.448308068317306
23.124460598746552
22.92684703725356
22.86155779147252
22.85115127775853
22.946009161996837
23.00930885508469
23.034240892276486
23.132463479721903
23.27549271182082
23.386928810497558
23.47369570213594
23.553431825514668
23.609143287069035
23.71511655289997
23.87457609762487
24.03719522872252
24.21970589222832
24.341473888281374
24.38976203938358
24.414872159713482
24.392850250878464
24.358053717472913
24.313892853595952
24.2216805035225
24.087922998892942
24.007584412683734
23.983446331649525
23.973746006862285
24.00273023997041
24.00450388649709
23.97451668137766
23.96586899196647
23.96404760454168
23.95309627153224
23.937793070706714
23.915654058791105
23.88400156168732
23.865186947292205
23.859506170407396
23.854003337897225
23.853665321069297
23.836367575647575
23.799053402146622
23.755985830913286
23.70090789320885
23.643435148512175
23.58485231468746
23.51496264195389
23.435860887830138
23.43670046008067
23.525049268822944
23.660433607413655
23.868128566087666
24.094515184302143
24.33747532092863
24.646619190924905
25.011955115765474
25.401336081394035
25.819584475017823
26.276903559380848
26.767609513573834
27.32556927110029
27.95411338299807
28.633265734989415
29.37211587123536
29.92185987424039
30.25661725628782
30.5008603303937
30.583210763507758
30.64385773434586
30.69027499099991
30.588196906576005
30.36413850625523
30.244742033823233
30.23110917856302
30.23008314896629
30.29754971179315
30.262825693141323
30.11411418085402
29.982036651605195
29.82796393464881
29.70558788584998
29.634531016553574
29.561790267802266
29.506397582506626
29.468338305579252
29.444488273485337
29.452778310381895
29.494143606174877
29.477092608386865
29.397631431224347
29.301523351753303
29.165559104799573
29.048384075471315
28.955461365752154
28.838597242682933
28.71134305053571
28.653050900429545
28.66633901591834
28.723822832337035
28.84707718805121
28.979747720015855
29.120771252381285
29.31773057495919
29.560088868455253
29.677470390859185
29.659637887681164
29.580693876611246
29.39411199229515
29.212364705944502
29.040825744004025
28.782370057237934
28.45950002489698
28.286553953558492
28.271408600921
28.326905295221593
28.509772510189133
28.669319919784922
28.798284667559304
29.02101249405005
29.306465644715676
29.522761612833143
29.673197845321216
29.800130389247293
29.87134782477269
29.996894000383133
30.181767184403157
30.344370314600212
30.508566641264025
30.808215729191037
31.248028674409785
31.78212427625727
32.44714364378547
33.14566721137926
33.87590130294338
34.719594375858826
35.65847429753984
36.28386886564852
36.566158823386225
36.68666792301299
36.53159795805531
36.36046041196535
36.1846058324303
35.77291611209168
35.17569485460809
34.87083066590885
34.87184221674055
34.98238815941814
35.32644317021412
35.56130414524396
35.66790487622986
35.9227328521535
36.25286719389846
36.48380575458483
36.63274037667787
36.733350522181404
36.74656463815259
36.84534232412798
37.03544861865066
37.19943616035783
37.375262503652756
37.52394149629823
37.63040223622647
37.74073113147052
37.84187774860453
37.927002106491294
38.00020188830087
38.05344928817588
38.0857344896425
38.045151604045955
37.923716753714814
37.744178074690666
37.48970532350428
37.18862088057289
36.84026011660595
36.41389832510221
35.91317080949187
35.43329191896558
34.977479454340056
34.50093681997989
34.027785520275195
33.49144485604486
32.886390893497506
32.265557125591194
31.61365962340364
31.17944769650925
30.994414758273965
30.931269001387093
31.063999508072236
31.26244001526932
31.521104107983618
31.973202276733385
32.59617821354482
32.911109688899444
32.8929804500433
32.75760002501576
32.377426379633235
32.070231129831434
31.855416185244405
31.464664715466593
30.96476682812033
30.571876112793777
30.27190062648884
30.00591294573567
29.823564808231676
29.528859253638764
29.11274879997424
28.71254575276292
28.28448448596599
27.920562855377607
27.643421602841485
27.37775029154717
27.152523703582343
26.947996986393214
26.75856221429841
26.620140324768816
26.529020091227704
26.426123296160366
26.313078611056614
26.21726345139694
26.125668634060666
26.082401318315693
26.0923426833321
26.12419290464499
26.189298161381164
26.22465837354963
26.221697514108065
26.219315657639477
26.199461225694755
26.19316687318331
26.20385755844257
26.200306418301995
26.189134183719492
26.24459744710266
26.369506632243496
26.532958311045945
26.75452543658975
26.983493815179234
27.21726005233585
27.498030147500327
27.81532671139435
28.075705438066574
28.275301329123064
28.45128407154351
28.57856017103321
28.722270678289863
28.88506606933587
29.012385770732784
29.117258533888688
29.14971986352383
29.09686240197231
28.989729040837254
28.81072609857759
28.57262535692321
28.274828277750487
27.893252697550114
27.42785461813791
27.143860457449648
27.06175702154411
27.054033888113395
27.193706952489784
27.31808033109047
27.41719656818818
27.63627357617467
27.942264022828237
28.057980398809807
27.97635316934354
27.80778994562826
27.480286620150792
27.193441751712445
26.957404129752323
26.610966949709177
26.196047338442696
25.867788858635098
25.621277769343486
25.411053645082244
25.27511719661263
25.081156526335988
24.824237247340605
24.60222724553297
24.38698936171222
24.18778559579242
24.01676975127763
23.85035134962098
23.694339762311667
23.56934922676841
23.474751265950864
23.4064931572046
23.36985368527022
23.364541848106235
23.392371704564425
23.458811361520404
23.565619406947437
23.713368761495154
23.904739915728342
24.142576830725456
24.42894274613577
24.604939861333857
24.656311026709517
24.660577867471595
24.573075142207397
24.48869253241218
24.41283035130775
24.258432596874723
24.044202733326948
23.90876756775667
23.852872075612634
23.821832651948437
23.850223335118542
23.83323593330912
23.764483740789046
23.724834931622595
23.691137873405776
23.648066629416967
23.60324831223589
23.54761088760471
23.47920304043025
23.426765721796794
23.38994838754036
23.353244184522513
23.322835885307274
23.319353534739683
23.344077404744603
23.39217149278304
23.469944196101554
23.561602948914736
23.66782134126411
23.802733531314654
23.964035193545524
24.043128310168253
24.031519437354934
23.979450538490344
23.856655690805358
23.73076169544094
23.60518182622327
23.41926688535228
23.186313867860218
23.12689962770393
23.25444281458511
23.4731284054714
23.843282519534604
24.220853449428883
24.599138300401695
25.103301918054136
25.70473941175342
26.18408214574007
26.537265742308534
26.8505308351173
27.06753587364083
27.350287748756788
27.70735246682804
28.010119545786626
28.293125752685775
28.55739929376464
28.787031977675575
29.00446333752044
29.204807490238696
29.353568503503517
29.449976873393823
29.504763405906292
29.508684783514273
29.496603571117944
29.469813575827946
29.402844166929196
29.303173479445675
29.150532852660273
28.940010036718675
28.68627036495312
28.38267560736718
28.230876290010738
28.251733714529642
28.344568764771243
28.56722136810879
28.804334999990303
29.049719285681835
29.413000112811297
29.87220683951376
30.128160614009197
30.16802704506705
30.120828202271106
29.90752388384266
29.732553913220688
29.60751303605208
29.36244580067384
29.04022895275132
28.83661378279955
28.749024124710438
28.713155401178696
28.77784603337229
28.78512051012833
28.72840126168632
28.72769890798418
28.749512162829863
28.759657385161635
28.768897779227647
28.770635423849317
28.75919217353917
28.78605244681569
28.85192001588865
28.927341982657506
29.023880406752554
29.06335926359813
29.03608990395853
28.987790511682576
28.896226246339822
28.79933695426533
28.70073561320032
28.561946805655005
28.390699054760958
28.393026308614136
28.583908563250777
28.8711299135645
29.311938569245598
29.777717749139068
30.262680087145597
30.882063960388578
31.610956434943535
32.23279307131941
32.74315917945698
33.22997142453215
33.63781804538982
34.12515129462253
34.701155990976545
35.24011304245272
35.776254617743064
36.14654482460699
36.31885456887498
36.39248149369656
36.31512690109859
36.14767306669679
35.892957447714124
35.47083378907536
34.889356880394196
34.593304518434884
34.61068288385694
34.73206323246762
35.07709701285239
35.361983811360915
35.56824701266029
35.94078348090445
36.420094135151196
36.73408007597775
36.88870077453368
36.97423003452584
36.92423398758372
36.96062401224452
37.09396954291532
37.15859335484435
37.202712566425824
37.26272318289689
37.32384603803456
37.402757294887365
37.50518005055122
37.568138128715674
37.59241511588654
37.61355100618526
37.61823450762853
37.5764925650902
37.4876615196788
37.3557104350335
37.17164252664767
36.962158309418314
36.72595867259159
36.440739435421
36.110545797603926
35.74178022324939
35.3310875050437
34.87671289427036
34.378545664828565
33.82429654990782
33.21199048625188
32.546371922942704
31.823347643319615
31.35070802783499
31.159040983137295
31.100115064403425
31.262337260436517
31.468419635927006
31.710328327939397
32.1566277886912
32.77438235411293
33.03811631673224
32.92190984326454
32.655985489423415
32.10022277105285
31.607789793576153
31.198562657965443
30.575193774215403
29.811113956851848
29.242854484899432
28.864373333673797
28.564062311045063
28.42484153568266
28.172685471776525
27.79507003306165
27.497816451961683
27.221852968217053
27.003778943820443
26.870876237926804
26.765245819794682
26.70404523140686
26.719499908815095
26.809713034254454
26.976153120598372
27.22772557693772
27.364402094722905
27.370997521224123
27.35101051978395
27.250688382518312
27.18825450603265
27.17357808274125
27.10180976215897
26.99850283833561
26.94834561342081
26.945648121589695
26.967084278782856
27.031958383228716
27.06475942660662
27.061914629015963
27.076389236451398
27.09128674955704
27.085824235089273
27.062930717558324
27.01982466269469
26.95127853576769
26.88180745953686
26.810307236734943
26.719516140419532
26.613669431969342
26.5207951531219
26.441297009376946
26.364273515336084
26.296896098561632
26.21693123935642
26.1231386473078
26.032631561192687
25.940552242990115
25.898280075068023
25.913080324568305
25.957570677066403
26.047276808831842
26.157122888077673
26.286029644209066
26.460932025750747
26.677661451285164
26.85703100503172
26.99602432874606
27.13048080303756
27.23994677115405
27.378788824157414
27.550860232668388
27.71189827574556
27.873866331778085
27.924125241388982
27.845655134079177
27.69924905911047
27.450386054461294
27.152458752900362
26.807558342245876
26.356725502173187
25.808485372311985
25.38519551523799
25.098149917557524
24.845250893682557
24.685246515774338
24.4706169997074
24.191540963433354
23.971725927882588
23.77959221930848
23.622078085363547
23.51616406179652
23.43813560846607
23.39573145596333
23.417382411260633
23.504552147219893
23.652618711519473
23.8702786581316
24.006199460400087
24.048533951280294
24.077555020013698
24.052684083038464
24.06367859634895
24.118624598058283
24.138360865531318
24.142682430892872
24.115735156666045
24.045325510295882
23.95182935200312
23.82684938076842
23.659680298561646
23.44959025789302
23.19259116847859
22.884463500276752
22.71453215534776
22.698724826698975
22.743043236228285
22.899852201144885
23.056551401666326
23.205760128976948
23.449589740755837
23.76513913538808
23.96750058459119
24.052906771422787
24.094630934811846
24.045102967482563
24.038872615427966
24.083055581169567
24.07011040367839
24.028610653105016
24.010493138537534
24.007536865720784
24.014274878567203
24.041350641050958
24.030517917159976
23.979938718898733
23.92666867922408
23.85761154195268
23.830210742334778
23.85322807358238
23.88974210003152
23.956473562121086
24.029192655834446
24.104979648912895
24.21067692122648
24.34134917019752
24.435156160709603
24.49031911905497
24.533338485600602
24.54833972666974
24.578163839814955
24.625524531584386
24.655687039674092
24.677920535973016
24.825060340023036
25.106439454974485
25.466168833222028
25.941536616338624
26.447618214871436
26.98167815402167
27.619820957999117
28.346193963135743
28.871889686194464
29.179368558872195
29.39576624599815
29.44232982247587
29.508158934789797
29.602687165472116
29.562312547842254
29.425039902036634
29.35943379747345
29.35902531335679
29.367150526108738
29.423357769187408
29.384229810496567
29.24135507740024
29.097693008562125
28.920600902005926
28.802875958080534
28.763970151397995
28.736176700791216
28.748170444749064
28.7705583311721
28.798556195156888
28.872724293388636
28.987576360257375
29.03254358853405
29.00428259791
28.953019093466175
28.85072308999987
28.772653118841827
28.72451556721253
28.645603497492147
28.552761150139837
28.550748792748987
28.6431762865692
28.792826189685027
29.028111235032696
29.274428778997414
29.530022378155703
29.857604977726183
30.242993339153426
30.460415837225877
30.496069244213142
30.44778553983704
30.253727752055703
30.062456370004067
29.880825235428883
29.580050833594072
29.189647945655388
28.938785368305723
28.832046219847555
28.779166793968276
28.839163502770177
28.843380353213337
28.782986941775427
28.79228334534778
28.83542404617166
28.9337498065352
29.106309973885303
29.319466996484643
29.58496519318883
29.92618424057912
30.34366183473909
30.838697218872365
31.4188345354439
31.934844963655646
32.37606031016362
32.82111460135173
33.23047054439914
33.69411529051756
34.220346549154954
34.73107315721794
35.24643339585562
35.60291441515529
35.77362985867207
35.84855263208234
35.7766321154208
35.63241289537771
35.418473913356806
35.04937656112535
34.536376345061
34.28355076165735
34.315044480660305
34.443310031647925
34.776770004751015
35.05399215054399
35.258363272978286
35.613873491589004
36.065697540481665
36.387624505858675
36.5872192615544
36.73604913713108
36.77976777295921
36.90836415441646
37.130838079794124
37.307887879118105
37.48114461004197
37.62771726971167
37.73030029403756
37.82918155011866
37.91412671102054
37.963395828514024
37.97942837779714
37.963139868525204
37.90944189463007
37.82518162900725
37.708531007663396
37.55107255127382
37.352585407936296
37.10863081358818
36.8161787446348
36.47552865618398
36.08372697162505
35.70051141016266
35.33029102813855
34.9412526920699
34.54927108921919
34.116902539884784
33.640618511071125
33.152376809633324
32.64367293061148
32.28067573054285
32.08444819324738
31.971454043899588
31.99136596302789
32.056679555115394
32.16423513677431
32.40377326375281
32.760448356224416
32.851581718490245
32.654364748836386
32.342745393130585
31.813505503681206
31.315586524287944
30.863527809697715
30.24345149765455
29.506773736669864
28.925104942614773
28.49635241990236
28.124874444067956
27.87824875471485
27.541937442335403
27.10545332857993
26.732300321142425
26.376207124484445
26.12665028013485
26.01186862618458
25.95828172150279
25.997412114783153
26.12027772878822
26.3245747256733
26.64538727413282
27.083941137971944
27.341944484931467
27.39913617983172
27.400831209559307
27.266746764273183
27.182026065592446
27.159801299294692
27.038619321419958
26.857634485489903
26.80078231731222
26.864605055070076
26.98755781957101
27.21477195438966
27.39792288052028
27.53004633597134
27.722638233245824
27.94363914409919
28.08983209525195
28.16328875860232
28.190053669485266
28.143537774091897
28.11144694423823
28.095051182659837
28.02708527841885
27.924748895396036
27.84802407052107
27.794069071056825
27.745251312681393
27.715765383202424
27.651070563026952
27.548567725038914
27.44692640259574
27.333985979767878
27.27284007378021
27.273783752528296
27.298405803505812
27.365777345192136
27.44911151359137
27.546218170189864
27.68789196500429
27.869410780124582
27.938344089273244
27.884853215403204
27.77871493667104
27.57849028966549
27.381153481186864
27.192188437592023
26.92698149549351
26.605268809209853
26.390686840261026
26.287833319432153
26.231871035100802
26.26559485342746
26.271518334488103
26.243965140695344
26.278396495753633
26.350386923221492
26.288510827838778
26.087730700363593
25.812665000291677
25.417843129656276
25.027538553983497
24.646518510079712
24.17298591454398
23.631977868913996
23.291606943968965
23.16539109387236
23.143158114306328
23.29769796151585
23.446360276625775
23.581551684016077
23.858691362512996
24.241518002607812
24.457712766597858
24.501846827027887
24.480261830632834
24.322689869036605
24.230360967323897
24.21351606817239
24.11190103747649
23.968121495647686
23.90232147382325
23.906649035269815
23.952938542230854
24.069501195562573
24.14486268239629
24.17542731492615
24.24015527766652
24.315130848006156
24.343802365558165
24.32871047887695
24.279434597631116
24.181433579460148
24.087620803815934
23.99795558034678
23.872946931539566
23.722692552308512
23.63995339986261
23.62894815699702
23.65228074905568
23.735013779602333
23.811697949173542
23.879586149713543
23.993382115511242
24.13992876115264
24.21018733673661
24.20066131177679
24.15448187328553
24.04287812304027
23.943982727447576
23.861376618012248
23.731140034516898
23.56934708884049
23.450264383125
23.37292406626343
23.312635174951204
23.287892912259963
23.238386568177617
23.161480546203652
23.102803719057537
23.049468994172855
23.07039454679109
23.17801269724628
23.331331835165237
23.551978162252343
23.81250214357045
24.11147658380758
24.48295608938523
24.922920725074107
25.373152739191895
25.83486167426324
26.335189972279874
26.861092583507705
27.457907608617756
28.130537228136234
28.846954071022974
29.618785325730705
30.148647672034173
30.403796654560907
30.532905588117558
30.449651209459972
30.31899088920563
30.1489025514584
29.778619866380225
29.238483491664624
28.897218794046513
28.765317679758418
28.683948692833415
28.747656907266595
28.695061077140302
28.509072025730326
28.399314373760276
28.308588677125403
28.254798154387363
28.265225837810423
28.292526965669317
28.349783572254804
28.479561445244414
28.681666729529358
28.949570265056813
29.295040933744346
29.491257326542712
29.51974267626813
29.49897886102464
29.36748804836148
29.257817958248594
29.180961218522896
29.018054164775076
28.797514297924653
28.67203599818242
28.640680181550152
28.649842496677785
28.73764370943527
28.78565299687085
28.788329789084763
28.83679010023609
28.90575849694486
28.944924580974277
28.960019042807193
28.957497142590498
28.926005147372976
28.91829286362955
28.935390331637876
28.941674571845727
28.948352791341573
28.94958364824887
28.941204473418257
28.933914204575387
28.92531565271951
28.909298431266656
28.886678480925617
28.858302993281253
28.822898855915547
28.87528264325876
29.024763238259204
29.22584312466929
29.505708147999968
29.81038584329127
30.1374811729373
30.538568070734108
31.003687717171758
31.473750833946255
31.95136388976355
32.45958443505113
32.98522581151888
33.57826695842513
34.24292446558336
34.944527877142335
35.69533764377667
36.21013893627999
36.457027445648855
36.57921171634742
36.49373040819592
36.35729003690797
36.17744116152165
35.80049669402253
35.25512056999095
34.96515365618821
34.94777242448501
35.01738674181142
35.28499554481063
35.45969040080949
35.52352241798063
35.71616904529651
35.975501448527744
36.16605715149556
36.304918980903686
36.41486418471911
36.46709310791036
36.602110907326164
36.82513478700582
37.044046952231184
37.290461115273004
37.47783878325507
37.589682025292674
37.690524391116305
37.75475891273701
37.810386762297746
37.86304359191376
37.87642397437877
37.856688134765974
37.794064863617
37.681128795749125
37.52542623387886
37.32103924568955
37.06429937523407
36.75323077804271
36.38247284203052
35.949044811114554
35.513104460398075
35.07754809273375
34.60973755035688
34.12471650067497
33.5829866381157
32.98003278559977
32.34742709749353
31.67544762410285
31.20931949334245
30.97739506758572
30.857560486033442
30.9218128485689
31.036018230747036
31.194454871521977
31.53005667247944
32.01889913577222
32.22750539470859
32.13466815719503
31.933312985192703
31.508409926865664
31.1507878124577
30.877962216051767
30.445973688836634
29.91605540272378
29.487459821189248
29.147937248176024
28.843191549079908
28.61940149654777
28.29697325115037
27.867951892479944
27.459017712831095
27.03037902179337
26.703634328200717
26.503803154644608
26.34498190732019
26.264904449839907
26.22488391576197
26.219493792348914
26.30245230072428
26.467068804923645
26.544366236209168
26.527966631888685
26.4957500361202
26.40434957330253
26.36720058677855
26.392815887402218
26.388474157819957
26.37933703246934
26.41603297427903
26.492485186220257
26.6022900065736
26.756693140685844
26.903917701347932
27.042970745175285
27.208839912038847
27.390541919613085
27.48211803842356
27.476174245931016
27.414440158254404
27.266742409201083
27.103008225659433
26.924601311685787
26.668913060390576
26.348519913338944
26.164910414347805
26.128483113607544
26.150865271407
26.286034679160924
26.398328796499083
26.480237965247742
26.64624852744972
26.86825942724896
27.033273398168955
27.145427433580238
27.240168432051004
27.2904894705223
27.392590487830518
27.551112050614652
27.696048422325703
27.848604887838256
27.95475985783436
28.001607258280224
28.0296119815647
28.021388050034222
27.990549641704753
27.939348536523486
27.844868755392515
27.709058012501714
27.555459925068195
27.381278972821935
27.174934810592248
26.940340201653825
26.656390036464607
26.319763905151127
25.942639174377952
25.5186305746
25.176971217672243
24.930587409258496
24.712884587433358
24.560366965000647
24.399167491890996
24.2244016368166
24.105280197279484
24.027083432691608
23.937707633306356
23.84259976825326
23.758135283202947
23.673801845792017
23.6393729980802
23.65882420397622
23.700222707446684
23.77603858960059
23.820320998695177
23.824611829416646
23.830213646277095
23.81861273072709
23.82222009691961
23.845018894499052
23.854970459930037
23.85929601506268
23.86425025893284
23.865784334887
23.865453969226714
23.86319819130572
23.847505187101792
23.817405754633025
23.777672870553346
23.72501047774867
23.7013619256487
23.710460015788577
23.729431435500082
23.769674106285812
23.807043844148126
23.839306422558558
23.888228120211856
23.948521296803168
23.988598317609533
24.008199896035432
24.01870004656313
24.012010633175013
24.0117097328256
24.018792503086743
24.01456541368184
24.00391902973379
23.982234387655655
23.946623142101853
23.90238146303428
23.847335434190516
23.778974797116323
23.69715526949122
23.600775460122843
23.488834993340628
23.434948525413777
23.44580693851474
23.485680467841224
23.57532765197122
23.671567372175904
23.77207138078006
23.916923916571893
24.097755457762872
24.225472490744345
24.297277040348398
24.350462000262763
24.36187350029062
24.394443967550256
24.451786444403062
24.482800794015837
24.500890122985034
24.687620058790838
25.055144235767763
25.527380557430476
26.155017849693255
26.820687337113508
27.520417713628543
28.358448506826175
29.312626395335784
29.95366704142543
30.253829849947707
30.40239850952432
30.281500512467733
30.168989458671966
30.07810122364962
29.765967945678007
29.28772093726753
29.033727453544753
29.008039016922776
29.059428744912704
29.286767315897695
29.39585507068255
29.370530434333606
29.440553428414894
29.542311903934387
29.553454035851527
29.488864209742296
29.36244210321661
29.14683282807089
28.97111983093463
28.837575283273317
28.659409912699935
28.46396623557242
28.351484453819364
28.323616474539847
28.352923279392407
28.466921402246232
28.585099759820906
28.707237696311736
28.898795027353
29.145047230506275
29.325964074313408
29.439159528026142
29.53309739455913
29.577031223710744
29.660953340343205
29.79008682316104
29.893672509673443
29.99125564348478
30.021596610001925
29.96991487909429
29.87815944943952
29.72592532295673
29.530187704798458
29.292152899594996
28.98374998841999
28.60660449500122
28.34736106366796
28.218333383093885
28.130420978968512
28.133948050580454
28.111408642729852
28.05496201312419
28.06669818029693
28.121980419556355
28.241565989020224
28.441839939065876
28.6978795795097
29.021158521648125
29.427408079894295
29.918548312179624
30.49987040618277
31.177958188791052
31.76183726628423
32.23717908090124
32.701853498300494
33.104451936212456
33.56101304422045
34.080977268071
34.56255880571417
35.03087625251624
35.38768655643312
35.60906275678672
35.75703555379417
35.79791867618783
35.761710506563965
35.64860000514017
35.410397121964905
35.04912139125624
34.8856898788583
34.9407668994096
35.059927199830284
35.329246792219486
35.54512476940493
35.69329409459125
35.94923634632426
36.26967865711214
36.50095491341732
36.65117570382074
36.76479983071538
36.805899160550624
36.90887819954992
37.07993465326973
37.223042308188326
37.36793121002201
37.486394897498386
37.56581319675383
37.640942006451496
37.70161013320956
37.74044255692389
37.76005587214207
37.75482219802165
37.723116273175975
37.64887665270477
37.528063586049356
37.36602996758517
37.156438996725974
36.906902342175115
36.615906316210264
36.27266507320647
35.87705047575223
35.482312665307376
35.090762078151165
34.67556621693843
34.25022419846205
33.77850814828736
33.25696151624173
32.71457250416485
32.142804038573395
31.761948578189223
31.59779119256387
31.541057533325493
31.656657099232334
31.824850342235067
32.04084125366003
32.42407790980205
32.953490665150326
33.143562722860416
32.9656150955232
32.638431357183336
32.03090367612623
31.45971986963069
30.942803032374023
30.208010541854655
29.320427006568078
28.716098179288853
28.401451180642507
28.212022674909022
28.259957200436265
28.219991781726222
28.076731306813457
28.088174345522827
28.185942548743576
28.15850787321339
28.016820161438805
27.81513404362036
27.502750256507195
27.270300640754723
27.124226644631623
26.927286095781383
26.72021116667282
26.596045718708787
26.54936536139706
26.565056081947667
26.666462857149707
26.76433300415912
26.858301460268176
27.01356590050851
27.21264649106162
27.326205990552435
27.349248704044754
27.33138332096325
27.23775330630841
27.162117566320713
27.1079441280412
26.99770035953896
26.850101685890888
26.76027800523648
26.727088575381465
26.717169982041845
26.754004721802552
26.760603492631333
26.733015746363943
26.729102217262657
26.732032040247866
26.723752016269806
26.708866538508342
26.684009770591857
26.645618905021273
26.618581110667648
26.602692967172235
26.582647895440793
26.56357717004354
26.56647581537759
26.592124959006746
26.63437476452988
26.69916780951879
26.770169943279424
26.84739857027237
26.944546165289868
27.058719825591297
27.13155728514776
27.1592460749275
27.167692204836325
27.140870411856916
27.116762797017586
27.09723653963428
27.04919260209314
26.980214723437307
26.913458656914663
26.846426932578204
26.77264474618842
26.696870740389873
26.5962743760947
26.469287091929775
26.330629665817487
26.17473228359001
25.99908348504271
25.80430860326168
25.58700487081038
25.346217415979822
25.086093194460865
24.805587951706606
24.501313803316183
24.173446729754378
23.928889082279024
23.777745711174052
23.66958014242914
23.63498337801479
23.61072531658186
23.594050165362066
23.644196533119107
23.74934647705372
23.809349408419926
23.82366012604621
23.833417368314812
23.813885214268755
23.840748830521033
23.919214914868416
23.99137984723564
24.074362727285205
24.109760138355416
24.085308027334577
24.04066549845883
23.957311699657513
23.855032165141512
23.73586996514936
23.572737540716457
23.368714499159196
23.27258315180407
23.29390382824406
23.363225245869394
23.52076138221969
23.672349795720134
23.812175903474525
24.022136180890744
24.282759217807726
24.441756127161312
24.49507017199018
24.502093249075013
24.4229763891018
24.3674403384537
24.340538435363747
24.253134437137266
24.12790494897304
24.0443494764556
23.9987929891919
23.96836109231729
23.971964754162876
23.939435020625826
23.867744140763534
23.80735195806409
23.742896547090012
23.69791527713222
23.68009606151046
23.667441696734006
23.66797377213307
23.680856734908147
23.704757807419252
23.747561361062324
23.809453243466734
23.929760926647266
24.114790555344097
24.347230241784445
24.63994381414381
24.973118943510347
25.34748300565941
25.785710594806243
26.285580201465162
26.732520029255074
27.119869054387415
27.501964962477725
27.84833525728388
28.233841395564838
28.663757615221943
29.07473516490256
29.48287606159573
29.75733873908382
29.876297367623327
29.91135724769678
29.821449658392716
29.664961924790177
29.443579250517114
29.089162458307033
28.610161234907174
28.34400979222458
28.311208307599305
28.354421335378685
28.56426446022766
28.72306140903259
28.81686087007246
29.032459738327248
29.324187283773348
29.46696396605205
29.46337323727307
29.39016644183316
29.19142847553563
29.046405793080975
28.963323932166446
28.805910725013984
28.612579502600862
28.492846981903984
28.442016219112503
28.435099533771876
28.49935832565932
28.536553233387092
28.544889421422106
28.59697985935093
28.672949810724436
28.71916025278089
28.73905729505444
28.74491160306039
28.72397903002065
28.727865585453298
28.758218077505262
28.778752472127398
28.800574632626777
28.85644703723282
28.945965555614137
29.061692533100256
29.212340371555786
29.369771057148977
29.533950669093
29.726844515065743
29.943195604289127
30.056290802320664
30.0562539827413
29.99939500138369
29.850062545035417
29.687775745381888
29.515740374672603
29.262202231226
28.94228778070974
28.840302728603113
28.974141724162383
29.2186906903939
29.651787864523655
30.08881929482701
30.520875306454027
31.108768562031216
31.81572315380487
32.39131969224693
32.83354359245408
33.23842524568417
33.5427069255019
33.936353066214586
34.42970548506631
34.87495844100308
35.3132162365758
35.65991740864247
35.88878247405583
36.06738037178648
36.16582941954684
36.19455196300435
36.15533841800132
36.013824344945405
35.76904505572564
35.66309110219691
35.71076607432387
35.79332632257407
35.9749113842853
36.10264382171979
36.16471404202762
36.29179943191547
36.45064771876565
36.579449743035866
36.68902105986611
36.78647984202143
36.85984561191804
36.97783379360559
37.143180346303645
37.31312860118564
37.50357771030771
37.64340708584389
37.72248653283458
37.78669325337539
37.81573716475387
37.841126831134005
37.866946739195775
37.85988457272436
37.82675318784059
37.761674854886465
37.658766105921416
37.52462790149418
37.35524745751746
37.14536112831331
36.893720979394786
36.59803951702807
36.25570726754597
35.87922543122147
35.46769292062107
35.01173713640742
34.51326891705693
33.96205170249388
33.35544897165686
32.698939613932815
31.98879801819173
31.52171275541746
31.32751442037048
31.26355920765893
31.415297568684792
31.61186895783594
31.845748694173356
32.27976920362369
32.882363614491666
33.1598197473788
33.088682143061234
32.885178005443464
32.41813191444969
32.021027122631814
31.71299957500887
31.21459653304823
30.59555385754304
30.114319601902334
29.75969683682666
29.454735002004313
29.260890868542308
28.95436381347917
28.52505072000479
28.134729207500314
27.734287396875285
27.418827492760958
27.215080349196572
27.043426816531223
26.935356473078976
26.8767677780497
26.863046488601444
26.930502394841476
27.077730983951216
27.12624961673235
27.066866959282102
26.985640479968975
26.836015070903457
26.732350579030904
26.68360289916871
26.593605994413448
26.487532516428356
26.4351354858979
26.431366235469344
26.460493966452223
26.5387601523337
26.60222811356739
26.648931368740957
26.724119492793072
26.8141263599366
26.874113065304456
26.904282732645473
26.915997552644928
26.897326387798127
26.885783851614246
26.881625771166902
26.855347853640414
26.814041933037686
26.78663395617901
26.771874887956457
26.760235698519725
26.758469948248095
26.74074220745093
26.705512383019176
26.670984688191766
26.6312122874845
26.581193522404185
26.522061611830445
26.451642256499888
26.368680266842038
26.28010702731364
26.18536184492835
26.07968036942798
25.964140563892137
25.906868045546126
25.914126569382525
25.95452944909732
26.047593294063308
26.152422756128907
26.26741616036692
26.430703367318948
26.634712644484388
26.716159435063084
26.664548934292917
26.552621998865572
26.33569235751155
26.119140188367513
25.908264550111145
25.61111399605346
25.248774433034967
24.94161733667124
24.6884884370741
24.445246758892157
24.24145298082243
23.98170034344264
23.660582884392312
23.349983927558263
23.028795067080683
22.851030585765198
22.84043610448711
22.910041047041027
23.10670259230449
23.359977279888174
23.66601503182363
24.103391135015524
24.660377092927792
24.990108309014843
25.07207411050109
25.065340146565134
24.876664670309538
24.730690704326882
24.64107411795073
24.41500852376426
24.099212595039177
23.90100395315056
23.81486789397977
23.77265086674169
23.824542974954415
23.799149826984024
23.688067820481102
23.6180311800732
23.551484265780573
23.51859028360614
23.53622697916471
23.56370089188944
23.61318963615954
23.699147532577353
23.81935996222716
23.978395455051363
24.18007919794112
24.325507267532352
24.407861641845287
24.477959007512496
24.509551581251255
24.561672911937702
24.639381849377827
24.6910206914248
24.7295228717063
24.727183245820882
24.674257005569043
24.59213191534605
24.470268787329086
24.31148067120267
24.115602313341185
23.870484727309044
23.575088069369468
23.407112418952426
23.380837399344966
23.410283538072903
23.544583857585856
23.676136161342118
23.798406357221687
24.00830287969626
24.28412642341363
24.48380454072507
24.607242737317844
24.70849088891367
24.752175594904983
24.847194796604672
24.99975227302579
25.12618948475937
25.250377885506975
25.469188899803523
25.783007782023066
26.16318682363408
26.635290327983693
27.122937016753916
27.624820311335522
28.201837547207514
28.83924482130904
29.266785690193878
29.46526926006206
29.552509692738052
29.453139792562837
29.340389597299225
29.221297362829915
28.941921469591165
28.53559554010472
28.33495213430264
28.35034777194244
28.44401583842985
28.70259757444707
28.889212303603035
28.990692332165153
29.199131473393916
29.46427696328114
29.616522222155623
29.663070410508503
29.650410705818985
29.537510298190078
29.472459194339248
29.46048065993589
29.39344732992543
29.30289509472509
29.235097647416055
29.182689053427772
29.145790873067913
29.134655902991536
29.094254097406857
29.024463932545125
28.961336793020845
28.89353693787268
28.867650200671022
28.892121894860168
28.937292415988317
29.01748234699818
29.116201624447054
29.23198238539367
29.386273373325082
29.57647457161086
29.688861289568123
29.71619870121119
29.711414685730578
29.64378477632574
29.58554961025551
29.541147775872236
29.447863054036212
29.320638623134432
29.25373656554695
29.247979514926925
29.2683704136415
29.338926232574504
29.388422115426614
29.41343737920899
29.469885333833773
29.542679732606615
29.62059334518044
29.70940584804735
29.804375630654143
29.90446512179954
30.03099920691683
30.18451585462787
30.354279072900233
30.545429534108216
30.853176143772004
31.287261564125856
31.807639252946203
32.44270870719547
33.13616203227524
33.88760622226703
34.75193691012972
35.72007919868917
36.37011608342159
36.66883637846054
36.81073212411116
36.67801673809851
36.53142305686894
36.38368421761364
35.999741618193525
35.430441209068285
35.14645192132714
35.15981597483462
35.27788995675195
35.62218523805954
35.853558786896635
35.95287615873642
36.19239565914987
36.4996083016123
36.70303010563157
36.81920807340733
36.880274047886985
36.84749565710218
36.890410764309365
37.01416151551364
37.10294880196497
37.19359957871626
37.29012061072045
37.38165557247109
37.49302190333917
37.62340126323378
37.741124136934616
37.848931750604464
37.962149260322334
38.07498911980328
38.08011023087569
37.96759139743787
37.78366932547456
37.49704416430757
37.17477001182044
36.81842141501488
36.36560889896185
35.82819330395525
35.33293500095121
34.882203744175
34.42180913427763
33.98365655036658
33.47471706395576
32.8885076022924
32.297720910656125
31.68149298442134
31.252482934184126
31.040789856252786
30.932223519884865
30.990937865098648
31.11271911288681
31.292756808231513
31.642496742567538
32.144361221930815
32.41534861077585
32.437076345181296
32.383267327042944
32.15298822168911
32.00247305695776
31.948455348665345
31.77704913044984
31.54307350748467
31.25373816234513
30.881774714024374
30.459411440399695
29.97895928668674
29.38022272984716
28.660413705385235
27.83833062588544
26.897065600790338
26.25843767134098
25.961371300073775
25.791548673034036
25.86675143371893
25.943809414253153
26.00649142624128
26.27992562970616
26.715179101395165
26.977410936224828
27.066702219622794
27.11234334936254
27.03143599549959
27.079749116230264
27.272629866002944
27.414183759390276
27.560990154263607
27.67351552371138
27.725671142458904
27.775807053000694
27.806554245426117
27.79231168941448
27.73571895478049
27.632256442733247
27.47497828528121
27.378215529448966
27.348627591128544
27.32471539367924
27.33572409655693
27.312560052266523
27.247832191211117
27.199788272694857
27.15215669898336
27.104998103026865
27.065050717582274
27.020531354593853
26.97333871609068
26.93622501943054
26.908587762538215
26.886236050562
26.872062221507985
26.860387588155245
26.851072982664796
26.849369299959662
26.854276489516202
26.868236566650967
26.892398240405495
26.92519114654845
26.967748349628117
26.999896716417474
27.019818004247885
27.03822718193376
27.049578961009324
27.066021455019733
27.088566858624976
27.106379379757048
27.122076284436805
27.090961838154747
27.006932725853837
26.892531614041193
26.73417064878641
26.554607445448713
26.35448265035947
26.10969186343582
25.82388319127516
25.544324364953575
25.271223868160618
24.98338343541177
24.692177543454545
24.362203424806285
23.990362745041843
23.60323395285009
23.192370140644403
22.936207673736728
22.8556147112227
22.860711908468026
23.00385450340709
23.188468182519458
23.41019994677312
23.765161143175813
24.236058510118983
24.535606830172988
24.651154114703957
24.709942050485846
24.636405333138576
24.625733495757338
24.69005956041819
24.667497650841554
24.599625084153303
24.5586720789778
24.530897331372007
24.509482239751335
24.508077979457546
24.442621654255948
24.309699936353965
24.160643102534223
23.97581644219894
23.85093974743299
23.798920490210985
23.75920189274817
23.758881052285993
23.753865643088357
23.738664855910773
23.758691529603507
23.80435667616115
23.828279805772713
23.83261147374078
23.83391467191398
23.82137830917629
23.833771004935
23.8736660935931
23.913344269643016
23.961806415477113
23.976656761502596
23.9510015303799
23.911507815990774
23.845500799774932
23.771158592604063
23.690292711384355
23.582411581653673
23.450959340121774
23.36469999273937
23.327006444309806
23.30712652428465
23.32328146905166
23.330007256173545
23.32453830803203
23.34521188584471
23.38247161701148
23.47287983261368
23.625385044386537
23.816868243729527
24.059878136138888
24.343829976306278
24.668712508554226
25.052206480653318
25.49373110728732
25.934263675946404
26.37236074487715
26.837427757367323
27.315071733547086
27.846514538954708
28.43597916204479
29.05164733043376
29.703562811771732
30.137357981411203
30.323840434843206
30.389675011953923
30.260302128973166
30.074947908600194
29.839635769453373
29.416612120812193
28.83078909403607
28.504716402218957
28.45770068798166
28.502429468120546
28.750404245891033
28.915614273449076
28.980515878592485
29.183226545013504
29.463086050876854
29.585486647660897
29.557724292552642
29.4504479991763
29.20643781460719
29.02321772073819
28.908654025209948
28.716467713369788
28.488908342319476
28.38927267498088
28.417761552654508
28.52715213679981
28.760484929384145
28.98601689778702
29.201487067804937
29.510951764420952
29.888827080534792
30.060827540615353
30.013237480502433
29.859276422221093
29.524597207688018
29.19771755282477
28.88679304087275
28.432277563062552
27.87190382705006
27.565653302346607
27.52768453434302
27.61188545252165
27.91408687451668
28.182181326821297
28.40450694592194
28.790290686951952
29.28805017011178
29.591103241038677
29.696721525692244
29.716748512462456
29.572675591772995
29.49888827264267
29.506009080396662
29.410168505496642
29.260687878188552
29.198561764208268
29.21530247410677
29.277411283147114
29.41845026621098
29.508206443817052
29.542623644760113
29.61453967861445
29.696185571347787
29.93394560125476
30.352926037146812
30.86532289526163
31.51623519352117
32.24637071553892
33.05185308318953
34.0041781698266
35.093923458340164
35.84030490285886
36.208353826719936
36.42136028294016
36.34695750116031
36.28441610696018
36.25012420541789
35.97810205185946
35.528245619472926
35.31774349345141
35.349782076880594
35.463374595234484
35.76364259340575
35.93528049894235
35.96073960602994
36.08523975162858
36.24033132463234
36.362526903353405
36.47428721964167
36.55839466075108
36.6049152301735
36.71276527895011
36.882660330012754
37.05882025986497
37.263223984468844
37.420006452293094
37.51826751796562
37.61082765662087
37.67662006946602
37.74583992255062
37.82390733076657
37.87806927643697
37.91555349151107
37.88272772314107
37.76924813067444
37.60483732973458
37.37193128210255
37.09389545419786
36.77098591193869
36.3744964378417
35.907369868182236
35.46150311551268
35.03998658858783
34.59924020158324
34.162474844563526
33.6661456560186
33.104857489432106
32.52923365306776
31.924636257770047
31.506831703096857
31.303644253770095
31.203634648186615
31.271101304290404
31.394135061737856
31.56788342106217
31.907514895380558
32.39365727639264
32.63462450351284
32.61115980720951
32.499514031293835
32.19599488389674
31.962529400460504
31.815533031609547
31.53550487306976
31.177975989746425
30.81996697805998
30.440210309104707
30.03826848335021
29.62614374074892
29.101385263211277
28.459191779019243
27.757097654124852
26.97007719131765
26.468627690714463
26.292543086179652
26.247300431129617
26.43843352081876
26.663830623789682
26.91009852236212
27.372152083784286
28.010530230017384
28.358500154080097
28.399617822494587
28.33190760373275
28.03353021188905
27.82894257652914
27.736888600253526
27.49153338500617
27.161686355729074
26.986873865338826
26.957227945336474
27.005424520733737
27.189314573171842
27.30118262582441
27.33328835716456
27.437379980905675
27.569010660324164
27.625930580798634
27.61451056648054
27.551726250003224
27.41220874394626
27.29417631174818
27.198328712383063
27.053408435803593
26.87888631246053
26.77299445390146
26.73697657447211
26.73724430614929
26.799522574859825
26.84638412407537
26.875158790469982
26.946882666136684
27.045762178609614
27.114232564222704
27.154373167593743
27.18315365513321
27.186619683440238
27.21498727566092
27.270326256308024
27.316026837184975
27.362956723823924
27.365669532667614
27.315503157862963
27.241336659403064
27.128943822211383
26.994943430792027
26.84064131967762
26.64448607294662
26.409015206353658
26.22437563350773
26.095303361343518
25.979774846897918
25.901589804903807
25.80181665569605
25.676383605261286
25.5749550893085
25.48487146978202
25.343769832709306
25.151766125988786
24.929787277993256
24.661963632726174
24.396907168671426
24.136450864951108
23.842739671711016
23.525839620363044
23.30346450198884
23.18292882476082
23.115717226073198
23.134517124258284
23.161511314094003
23.194049153968407
23.300325811473844
23.465506545208303
23.57313091531303
23.621773604138852
23.658034203098893
23.652519399228662
23.692758845104883
23.78401471435986
23.858139444641633
23.9343402776179
23.98395199525664
23.99608919190214
23.997464156018168
23.977454309698956
23.935402582244592
23.87218129028697
23.777702752548464
23.65075303729929
23.577734759447672
23.56405728022696
23.56669850769612
23.608515686323436
23.635624471334797
23.643685712508134
23.678915839830726
23.729521408822013
23.77714159999975
23.82593530516891
23.876716321612726
23.926243335488458
23.996696056799692
24.088928619048342
24.189770043766664
24.304429292991358
24.34396722333368
24.298541769211717
24.213972521766415
24.0646337481562
23.89874013069769
23.71904972496016
23.478404125522587
23.185879041591274
22.987003394876712
22.88882070484309
22.82755231999026
22.841923169896212
22.834237187457468
22.7989435503824
22.818218792008373
22.87171025005161
22.959503096272552
23.092812830040682
23.258895344604795
23.461923125544605
23.724303394407915
24.04766045755097
24.426584796371746
24.86792843252634
25.320893453405173
25.782715162948843
26.28449284108309
26.81390520482944
27.402047685930505
28.053697243166837
28.744121661439458
29.48166248374864
29.97397852954873
30.189012675055235
30.270336300718053
30.132757368775952
29.93985411900787
29.698707018255604
29.24989620970371
28.62305396162129
28.28969339091127
28.27081920138417
28.358770475750234
28.677885572520605
28.907642551274233
29.028632317702314
29.307199056554136
29.675426032252606
29.885962472179912
29.948492471812834
29.934962246808826
29.78573618236738
29.7132383835145
29.72596514325541
29.668547300880594
29.586729924637847
29.581511890212816
29.64615228330901
29.765373197334032
29.964215730440785
30.144713832815203
30.306466344864116
30.520408375801438
30.76726193801811
30.873882049156645
30.831347312663212
30.708490882292786
30.457814967902976
30.199750518665013
29.938517635779153
29.571669959588355
29.122693729621545
28.833077288431884
28.712506167920463
28.66129077294834
28.743568589248298
28.79052439966284
28.793820659123085
28.893300623048873
29.054161304743573
29.120371829453276
29.09489784652883
29.029064572098495
28.884442057333306
28.789142364496545
28.748979618769198
28.668018960104956
28.57389947305595
28.57331572938511
28.666348576319372
28.822258134729488
29.069150761254555
29.32124202377774
29.577105930723278
29.904582529082383
30.287051570422797
30.72198865820337
31.21863438654697
31.76847772649458
32.37443962011764
33.058624211901446
33.82300834462393
34.66112252672017
35.57976808280507
36.192689057087314
36.46228128922713
36.576296899605715
36.4244917257585
36.22961679984286
36.002703214592174
35.5332773397228
34.86342907476133
34.52042050493861
34.52394878168202
34.64806940390775
35.03071679689669
35.30575520280606
35.451641717051906
35.76873049117419
36.17920850888707
36.462677815765645
36.635402273228756
36.749823537652105
36.75516239988783
36.85710024412569
37.06331747410979
37.230185028352
37.40270554721877
37.539703500156236
37.62263864983093
37.703335027901566
37.767063545311515
37.80145155304689
37.810521020430826
37.78707351096245
37.728510960006055
37.657733771941324
37.57378151221527
37.46272921970076
37.32890525385969
37.157371132510136
36.94510441143229
36.701887720545635
36.4230095444483
36.0580236064481
35.60165756192697
35.07292702491984
34.45640352093524
33.780978663814594
33.04592277095438
32.221825911165254
31.31264590310973
30.742598784951298
30.549317042833923
30.53476835476855
30.819306544035634
31.148818994802337
31.511927678926842
32.14385301259273
32.9965151883665
33.435107406513495
33.432377877137746
33.2611180182606
32.75343961872572
32.34468910996748
32.05925379798024
31.53544466222305
30.86443569761898
30.329144246401317
29.910273838582153
29.53331446996856
29.26321023943141
28.840018424248825
28.25221725654338
27.681282429311313
27.069334561062124
26.64184734032432
26.439435245245267
26.314047703835165
26.334245425152297
26.414760853882576
26.546224934417435
26.83346313728139
27.261137997069067
27.465660847606138
27.429856752193523
27.319147796191658
27.037987938426156
26.826766629994392
26.701384249598167
26.460563071445744
26.15574450186101
25.999744833823126
25.98803392278254
26.05450271356654
26.251874197630357
26.4056562579351
26.509190280381095
26.694017240377235
26.923318360068677
27.014883292718146
26.96557981030392
26.83581924154315
26.577186831924543
26.329227996948447
26.09550934076623
25.763504236315434
25.360612562991516
25.18128080490365
25.240017682778838
25.415305569504426
25.786833237726068
26.152568289939715
26.503717464065943
27.011216946136937
27.634594401497935
28.00059277972364
28.095292825610244
28.069368119492395
27.823740892632713
27.621350844487125
27.474414557237324
27.165625266279804
26.74884168863205
26.569920498430843
26.63473489295876
26.81480973821992
27.19984230802397
27.531016782470253
27.797052822015583
28.2042478430071
28.698870105371594
28.91255127421121
28.834125765705373
28.60136467840418
28.11619518331703
27.646153794999467
27.201007888154916
26.561150926207944
25.780144759680155
25.235384426912955
24.93506181184443
24.73484167768497
24.732951498455574
24.64980190527933
24.472493527682428
24.42496545098106
24.448938950177173
24.414520482410108
24.33737589923106
24.24080303366069
24.09698816995456
24.041493340369602
24.079670225154004
24.12264387339822
24.201096127361566
24.21988205741557
24.162002950261446
24.09543298800876
23.99217474141862
23.88620391575881
23.783350643246116
23.642181031702805
23.47000564583977
23.391985700049155
23.413809904878867
23.48058478516617
23.625378008575215
23.765767374689393
23.896979762541992
24.088596957337028
24.323441130465902
24.468752944200602
24.520384709667564
24.52968078008068
24.461500109254654
24.410789623240124
24.381503638311646
24.295632009185397
24.172438788288265
24.092793590596283
24.0542890564803
24.030876384724053
24.04209045224102
24.019473139857286
23.959695775661167
23.9129210827973
23.864093919491616
23.86755364707487
23.93423638790931
24.027999870265674
24.165923594211307
24.329376355287973
24.516538064137556
24.752559036870043
25.03454519517277
25.16501870096097
25.12897913944297
25.01861935675131
24.77930151246034
24.532432834698383
24.284539966494854
23.926723414133136
23.48306631642806
23.25338320562255
23.251998124043308
23.352165244625766
23.634284296416126
23.895121755437035
24.124689971512606
24.494528566548322
24.963241624816156
25.3875307985137
25.77673453850321
26.172851913930643
26.54339883684613
27.01879674067344
27.606163547630942
28.215145512632798
28.875621623640175
29.346683572181192
29.595537206878777
29.75749378213413
29.761520436583066
29.725081149087384
29.656232408837283
29.431954182194705
29.073887499156104
28.882860627987764
28.868015378250906
28.8976510732644
29.04887408819253
29.111472783020176
29.071233546296
29.09753867295549
29.14424948624757
29.166719130736972
29.18093541619838
29.176287593509407
29.14614551936376
29.158500853095305
29.214327315327736
29.275783957079582
29.358313779461373
29.39341700129144
29.372271986837944
29.339371778450637
29.275744904597833
29.212195936907843
29.153160557656733
29.067209076167224
28.961411449020837
28.894128170970244
28.866779217573495
28.856563587404345
28.878653276315774
28.89221048217257
28.895349068692354
28.921518876039556
28.962320515133605
28.96502891810133
28.928730359973564
28.872836144463218
28.78363501052648
28.700616100732955
28.625431516356702
28.5265458989161
28.412110797458258
28.3677823447175
28.398249254981714
28.468650689528584
28.602494183052322
28.742017137629553
28.885110093831184
29.08155480119349
29.32013761536544
29.500002624457753
29.618251534522607
29.7158347462787
29.766484695071124
29.84285908943845
29.94881834395784
30.02566144688554
30.08873722092304
30.326714559707405
30.751465497545393
31.284785289019673
31.979067308541254
32.71066155402208
33.47531348721227
34.381791265500794
35.40656121591891
36.106999112295966
36.45446232308815
36.64347873463517
36.552392695438456
36.467814963991636
36.40315588988251
36.107708939015
35.6381825058226
35.38456892519652
35.3495880229582
35.382918280232445
35.58273134786806
35.652492891792036
35.57559525654349
35.58197097897374
35.60708367159505
35.66634171167812
35.788310134827
35.92138640189986
36.077907566133426
36.307478951154245
36.609070067744
36.97165384032574
37.4080009916959
37.70464712312599
37.843760497692074
37.93793429119193
37.92924829128543
37.940590100357895
37.98236354807079
37.943570044208066
37.8505525559465
37.725101586902994
37.553801667856334
37.34286211119995
37.092599911890204
36.76152541267058
36.34667487531617
35.86616701389316
35.30854346149052
34.84061139889104
34.47795568549709
34.13153638079301
33.847378632120055
33.53046579374149
33.17298755846467
32.86224065119851
32.57819879910269
32.35709135264538
32.2153738185913
32.124077052401994
32.09885398731838
32.14238175215321
32.25648758109289
32.45677424441022
32.74736149173103
32.87300173283142
32.814235886603434
32.697596243938705
32.453541269975425
32.23813129255335
32.06239498142776
31.788231852645932
31.448329779849736
31.088829701857897
30.694861565926132
30.264798911947175
29.80445048670083
29.250033052129158
28.59715359573984
27.87924027199564
27.079589398065178
26.527442444864448
26.25634445373647
26.097235476888486
26.143507144469535
26.210429796259813
26.28633521637093
26.546577512355867
26.954987236182827
27.168516884842482
27.179918813858176
27.13073556818155
26.933433371456584
26.835861653616814
26.853011142006633
26.78775467615742
26.69390492749136
26.692792667235903
26.77294678757181
26.914135041703535
27.144269779027884
27.343593064290573
27.50948978777456
27.724774748960208
27.96414438891203
28.095587924964594
28.114214590995456
28.064015607348995
27.908505619040834
27.745408860808197
27.57610035117261
27.31856788001705
26.99091035336889
26.809691978873563
26.78456595214786
26.823687319351553
26.98473767848307
27.11764179946917
27.21450984765404
27.400160742576563
27.643464371412765
27.762433369000696
27.75525913681575
27.687560783664626
27.512538787103566
27.36866063736096
27.26182610177601
27.082832483925078
26.860524169232924
26.72319548557621
26.67011718565664
26.65998100938317
26.725462731634114
26.76325333158953
26.769724892105906
26.824483044747627
26.906153179966548
26.904599597379416
26.818476458572327
26.685390252182117
26.47654206539829
26.277008322801663
26.089616663009057
25.8467960632496
25.56576324808752
25.35739011978118
25.22406864449782
25.12464781588461
25.08817376027689
25.031868736878184
24.9523357582684
24.916051118849673
24.906017387494963
24.83675699011052
24.708283387585777
24.549868172458265
24.33975352248597
24.145450107121096
23.969715889011358
23.760301680609885
23.531354128080256
23.388349967395943
23.33567304235889
23.333331944524627
23.409972354572485
23.491066765119122
23.57425617696024
23.722239165171068
23.920519163646127
24.068348172141974
24.164581377542994
24.248142682358846
24.29343527930834
24.376944938698838
24.50282040866246
24.61137932432588
24.71913946990261
24.793012515159926
24.82244915392396
24.834143169000782
24.81629632662907
24.77245598145774
24.70326696797886
24.595396246379664
24.448292345709547
24.360699339034912
24.338753184082165
24.3339205060273
24.37240082470203
24.392005419848395
24.387932780470074
24.413453444333395
24.455058769633737
24.46921028391436
24.458456141573425
24.434326666890136
24.38661779865427
24.3538659181964
24.337572105929297
24.310185400204883
24.280075195465535
24.26971421586096
24.278523472394202
24.301953718029427
24.345900358574504
24.390503627869418
24.43577790659134
24.496980338323347
24.570385414326434
24.635317594941462
24.691807818109783
24.7474170942281
24.796965603750625
24.857150191552552
24.928859333525356
24.99945055611197
25.072578401731583
25.25812044237384
25.5659625254246
25.947305381049368
26.43377889059447
26.95934529774369
27.52200186787922
28.183672921572708
28.932506034524632
29.4102262924643
29.59048832316526
29.635557043428495
29.44598330895646
29.246771689897987
29.048704737846748
28.65108869379075
28.09800758259585
27.799781782303032
27.767942899660436
27.8348054132906
28.106905400637647
28.290112209141242
28.368366758040835
28.57922333400235
28.860302500837697
29.0011726833439
29.010547985495986
28.946015638930707
28.756528062625655
28.62564467398456
28.559713024275506
28.42444960380826
28.25883606952814
28.190891560955023
28.218619650409806
28.30896085650896
28.49510635877141
28.66817188354174
28.826507030988562
29.053832307036153
29.328783033201926
29.488676428632367
29.52800972691547
29.50990858275429
29.39107860492187
29.289739890660115
29.210837271963143
29.057587662419074
28.854046260823974
28.692871396546366
28.57037702252518
28.458016166440874
28.377867190267327
28.24948827291226
28.069007730711252
27.894499723979628
27.708166500133988
27.640411721852722
27.710632763879353
27.845017148723183
28.0828204422742
28.363667122620967
28.68390189400541
29.109762296058776
29.63083773251726
29.988817487055694
30.169602828428523
30.290675927030637
30.28309256456117
30.31619921991876
30.400438682505186
30.391912509287707
30.32613500457656
30.48661688317503
30.882878279534218
31.404644741542118
32.12722036961078
32.849488568862824
33.563176501219196
34.43443956843702
35.422665560507376
36.05851483473553
36.31678024037858
36.39231104135268
36.15715845541752
35.92740367963123
35.71614957415273
35.252427122851216
34.5986676133591
34.26035832698052
34.24966856931284
34.365916840679404
34.740167292561864
35.003538969256496
35.137033993385074
35.43659688765086
35.824325551466025
36.109622228859834
36.31064648464337
36.465666194870735
36.53188627825227
36.6976024630968
36.969367353229345
37.21914517648017
37.48838689305563
37.695418683770974
37.819831832002826
37.93030851692025
38.00125654573218
38.04783779090957
38.075359533949225
38.0533860035117
37.98489054968249
37.88728347526967
37.75575238398735
37.582268176191086
37.36828419985896
37.095379814205344
36.76001242405555
36.37042232594802
35.920332774433476
35.47154622593258
35.028994647761635
34.55713010760904
34.072167876540554
33.53700360679364
32.947313503046786
32.334858417809826
31.69077093837999
31.273166165311576
31.1122723934755
31.080987515071424
31.255523069409637
31.494995352535547
31.794077387705286
32.29331315298491
32.968085587807956
33.289443499993766
33.22811187020399
33.021993727846926
32.52925254292527
32.09858768647651
31.750438410756658
31.18804069176814
30.483873124706744
29.936107261827424
29.53439930536336
29.184171960677553
28.956832181985074
28.600451998132325
28.102798815210022
27.64782617956196
27.18005166808788
26.85874959165186
26.719750415695195
26.648893189204294
26.697024198909123
26.818551459481267
27.007380614118716
27.333460065006324
27.79005354047956
28.071704651185684
28.162487053778225
28.20617336008776
28.122416676543466
28.109391559428268
28.181301381598466
28.171122521804463
28.121702299004426
28.09954296771262
28.08969084929085
28.089118095495458
28.109624989951048
28.07013019875182
27.967480095621738
27.84980678365122
27.698046364827814
27.605456727286658
27.58413159440443
27.574915188136902
27.60391981879415
27.627507374673485
27.64002802075992
27.685604148226563
27.754505457412783
27.788791395339736
27.78907537002217
27.77648415018697
27.736828630925395
27.714181883711838
27.71094715041273
27.693427946984933
27.671246665298444
27.64071391661304
27.597588666105946
27.550284200525944
27.49665459875226
27.430310048155885
27.3515357660018
27.261260473802153
27.157849875607223
27.10074543492533
27.095407302107763
27.112372816747175
27.168335594931637
27.22907848384564
27.29258033533631
27.39075098524239
27.516884173413235
27.551531243359825
27.48743761490554
27.376890248064726
27.187291631141516
26.996371947919165
26.807885737238657
26.55432175067048
26.25119442113614
25.998783908264603
25.797480499634467
25.609324532516123
25.459497216560155
25.271069315357376
25.039845393149307
24.8252356427762
24.610524023276863
24.413605881248134
24.24327505815205
24.079666016668046
23.93000430380629
23.79918811231793
23.68667014537081
23.597253161391126
23.532826846175098
23.48605263067997
23.45857602401172
23.456553636204287
23.479584393695067
23.534544528571367
23.623717148352068
23.744602897271825
23.900158597058734
24.004618930230528
24.050245683586343
24.080572587768355
24.071725926049737
24.07459672033619
24.09267279373083
24.079614544125242
24.045830108143
24.011565630008604
23.9719924505314
23.923659753195917
23.86962098228788
23.785336802503377
23.668831938276828
23.533670665986914
23.37337400957834
23.297378622670227
23.316970919172178
23.3751484719308
23.50290566414755
23.63912905939961
23.77972185429265
23.98269214899586
24.2359432984882
24.398632553985472
24.465460122762206
24.49584321112643
24.45277907580876
24.433693908356453
24.443948771371605
24.40317027959925
24.331791926930144
24.297318647461793
24.296035671387074
24.309405255839902
24.35329159783249
24.367326138387437
24.348967845535014
24.341223554668797
24.330852949505744
24.343033625041414
24.384762414733082
24.434738927229713
24.501220393849476
24.580520582475526
24.671311515328945
24.783047337788492
24.915288767009983
25.142149718924436
25.473601338093136
25.8755810629749
26.371055851872796
26.92069633469453
27.52444920000043
28.223963309894458
29.01351057261827
29.5095936221559
29.681161444531448
29.706768101424576
29.47915821553709
29.23313948977149
28.98040785493675
28.5081951030368
27.86225634757
27.51337170708384
27.476901365974616
27.557281495971758
27.87741224520732
28.10469043788866
28.220779614573576
28.496674706035506
28.862091655174208
29.07271214071339
29.138537201866832
29.128250018927496
28.982802291026047
28.914451526296247
28.931110363950435
28.877758216520228
28.799823401256262
28.789705287867307
28.83966815732182
28.938032263288154
29.107212941276337
29.25378563535467
29.377283459613995
29.543844390546766
29.734813351611173
29.799485005549744
29.73025321995594
29.585487219178212
29.323690541421357
29.050617426543916
28.76952294214755
28.390439597610904
27.93374349973503
27.667034179505613
27.604369890154363
27.631882383021054
27.82193089072714
27.99408365386766
28.139717247847575
28.412304818358027
28.775400303083075
29.012575255812123
29.123454656688143
29.187580552558234
29.150490780595582
29.179833646686394
29.28411689329844
29.333984894913556
29.365534687188912
29.469255853508443
29.639126599314785
29.85743549073871
30.14598913581033
30.419510728135656
30.676410396647668
30.97779721776671
31.306117367864005
31.676938275109872
32.098933142841666
32.55309472528354
33.04597604347878
33.58581875490594
34.172271550278786
34.807905638888634
35.49540048080888
35.955376116136975
36.16130940423982
36.24713326594554
36.133197993231924
35.981552065346946
35.79982816857184
35.43532130363897
34.91849534774719
34.6550229041967
34.661516409543815
34.76308301950706
35.06648339265334
35.29256847162902
35.42515970723888
35.69500250574806
36.04316464149518
36.30313120616807
36.488185779754424
36.63834086660678
36.71583355263051
36.87772737304464
37.130495649745356
37.36577176454599
37.61844953247736
37.806063384885604
37.90990153471753
37.99428695730096
38.03362267395707
38.048876876759465
38.044806046671425
37.98796012164345
37.88231786617515
37.77037087674915
37.64959027778908
37.50084410978575
37.3328327112184
37.11160361201461
36.83313677630692
36.5200625029458
36.16328595795192
35.76057596040023
35.31268397268109
34.81270964532569
34.25932656408463
33.6566807231878
33.00253977288676
32.292625168547616
31.526326242872795
31.00986170898812
30.773099002907525
30.671196939341023
30.792219538270547
30.95736567320852
31.159168744060732
31.5668508113069
32.14742684518575
32.41368331739872
32.34382133082408
32.150321687176884
31.704327301904996
31.33774544241874
31.069896512590173
30.62449115753086
30.071360261554723
29.66023981660269
29.37998690201878
29.158309942555885
29.054734655159248
28.85199595815518
28.540872530471752
28.278549826418725
28.01769213510607
27.793847597015596
27.627381464375095
27.46805534526333
27.33011527786275
27.232957259817585
27.173535841805467
27.15577964450349
27.18445658959252
27.165603467178045
27.093230619507768
27.016675189036405
26.9114399435025
26.833378406638552
26.787843244858816
26.72660603170506
26.662308534303307
26.638918453821944
26.65487826234112
26.69827957068578
26.779933135624443
26.863196222161655
26.94704811689782
27.0589784335438
27.191444953864735
27.274217232262046
27.303435124761272
27.306994152067364
27.265500956283756
27.226825615557964
27.19248849094627
27.121199220741637
27.022121569863085
26.930341908234645
26.843176394215128
26.74916039486471
26.65585467670084
26.53056519373855
26.370896867955047
26.19864009314668
26.005841213522675
25.8907418234658
25.86492500606966
25.87601610459434
25.952444360441564
26.042112226815338
26.1417007602594
26.302784591375772
26.515461590713954
26.67542401785467
26.78061396608097
26.87511625236796
26.932556521941688
27.028216638806477
27.16708481945856
27.289708877784083
27.41273532070155
27.472909910756208
27.456754969887665
27.405399814374338
27.298399216299977
27.157263153247623
26.98347157373192
26.746916499330172
26.450441065102307
26.181947144775055
25.943719843672817
25.69396457587579
25.454490589252412
25.164163725668587
24.817501782190465
24.46250344373027
24.084823307803806
23.83399069332235
23.73043796927568
23.693633888666714
23.768260793783153
23.87924155642247
24.022664105295423
24.277074875093987
24.629306165174377
24.812338378071573
24.81304762830219
24.751523367453064
24.557074016578223
24.407904918440536
24.315150940300217
24.129328990461527
23.88817987016916
23.740806392681467
23.682627758902264
23.66807570844419
23.733441776338598
23.75359496664799
23.72335027633623
23.735317605078283
23.762612958043185
23.789039561861273
23.82335780018998
23.854520379129735
23.880602845299375
23.93493360742466
24.017147240485933
24.109557766440364
24.219404267830594
24.28352155233633
24.29455472991732
24.287729420806613
24.245077004485466
24.198298045776177
24.149958188477452
24.068325252248847
23.959669181639764
23.9128082467234
23.931670272362933
23.977914215367058
24.07505659751376
24.163105745017965
24.238715864266418
24.352090015039042
24.490727429731155
24.55082815604704
24.52851818197426
24.464484589069862
24.33099052038227
24.201135711906936
24.077869284769026
23.90038913262674
23.683364573870932
23.60487831019169
23.674693408407755
23.8183131123354
24.08430647499381
24.35323957493781
24.620054656045337
24.98731554575007
25.431399532646203
25.818120262709012
26.14875356789785
26.472540304648064
26.756519044218695
27.10756198749048
27.531753001088006
27.94871122353553
28.3821193486115
28.720994650563
28.945134635608856
29.123265509082273
29.22087183476538
29.281753433713277
29.309097960017645
29.248955212107965
29.108298488483253
29.063679681004402
29.12224953907888
29.202458882310275
29.349877186216414
29.44533065947633
29.479977531308695
29.55136179432001
29.6331209365939
29.66063464505936
29.639193378469624
29.580987089270362
29.470933940266704
29.37012829930469
29.279922544643608
29.15726578565109
29.014955624431273
28.916272394196223
28.86300482692437
28.834374892392212
28.84761777310103
28.85481063896588
28.85509966717554
28.88795150373204
28.94428072907387
28.99401639614572
29.03992195364887
29.09107563925246
29.141128064604594
29.21957250794037
29.328499192620253
29.448674726513687
29.58729924729272
29.660914132842677
29.65973199478561
29.62866083552792
29.543642446087105
29.448871669863273
29.347333404872042
29.19541754543191
29.00163800323972
28.86191946907411
28.778885781827327
28.711843432515554
28.685421340775456
28.631727743715622
28.546517712991097
28.484381152313027
28.43058936766339
28.481548729139405
28.653912281344244
28.89269813884826
29.228131878450764
29.619025086662113
30.063707499865366
30.611284192475612
31.255684348386676
31.806927918191956
32.25570628894514
32.69047721076014
33.0614233712781
33.49469748673914
33.99927721604295
34.47008024528177
34.93453448789263
35.28376752815349
35.493128653487176
35.63170037037085
35.663231670614046
35.62319139504531
35.51281523151713
35.27928692499139
34.92616458416685
34.7749343674725
34.845946076702226
34.98580871398728
35.28075591083905
35.52626229783739
35.70833146193408
36.00314322607429
36.367398660938235
36.62734730000178
36.78922602629918
36.90699998893139
36.93901133213857
37.03162237464996
37.19157638570967
37.31170996962007
37.4240113723392
37.53129676543401
37.62232560103038
37.718466670920535
37.81777070306023
37.891692812053556
37.94166500720191
37.979706575258824
37.99976817370099
37.93962449669867
37.792860573876744
37.58361864504567
37.29297791865656
36.95976168953541
36.583657438830926
36.12713770779485
35.59619021607863
35.12355545431335
34.71576192881814
34.3122660217508
33.94809970687223
33.53361234450647
33.062859523625654
32.61040482455074
32.15697625608806
31.835321309231627
31.668771624499623
31.582666220544677
31.619007347558483
31.721245875558722
31.88762966112924
32.1863554116222
32.60950017292767
32.79402633209435
32.71711180016018
32.548655207248984
32.190846300843276
31.87624944751454
31.619665179209807
31.220464995935792
30.727228918422526
30.276882923357192
29.8555850882462
29.42932086496152
29.027369240799445
28.516829501506514
27.890534932107514
27.236623361207197
26.52411642821184
26.019465523309314
25.75684264600298
25.58742399387205
25.58875767092094
25.62722532992996
25.69309347631566
25.922721267286512
26.290648835246795
26.4643213925836
26.43282108527365
26.33988308777906
26.099544391648315
25.94306058156353
25.8850569352724
25.7375752018981
25.550577169405617
25.485427327242267
25.53513623902706
25.65758834850577
25.892061311054086
26.097788405398845
26.270536801834375
26.513663836285044
26.79768267892909
26.991980648810358
27.095117633910426
27.148243804999375
27.116749461296152
27.103467567501237
27.110729885864426
27.056520786570527
26.96100496798497
26.927782495798443
26.95610023841676
27.009446436494382
27.113645132823322
27.184875546605486
27.21895339451953
27.27923253395535
27.347504081439677
27.35264899501453
27.29455495497485
27.1938156193465
27.031683418299526
26.864985756224893
26.69465580794892
26.47562795671465
26.218886828406546
26.029210995607084
25.911041777183836
25.821776556163726
25.789483565130254
25.74045748600732
25.67136419614736
25.643503727866673
25.641883670929534
25.64599785663961
25.662240610278403
25.691086780512094
25.729785678147397
25.807432525992194
25.925880776240575
26.069656636184018
26.24626597849012
26.28939819818503
26.1819567612462
26.008407003444784
25.72134834000086
25.414020330801517
25.091912116764924
24.666064638622515
24.15444706376435
23.82909225697393
23.70352791421064
23.659628445631434
23.770146149568323
23.852813913469205
23.897823983208458
24.0592586190757
24.299561826025517
24.421959059539613
24.42758179460976
24.38538455454767
24.246141080434388
24.16521586813795
24.149935483787534
24.081450417626044
23.99305780286514
23.908021959739855
23.81469972559261
23.724862946979545
23.64114562851149
23.519201359978005
23.35873694709514
23.182960233129673
22.98176437294296
22.894928775694346
22.937578653740143
23.036061355449498
23.23019822954989
23.445047073007274
23.67562425344004
23.99484500700252
24.388165130892478
24.620659834057626
24.680093563634234
24.668994342011608
24.524316442029825
24.40207180910077
24.31058234033904
24.117155825089526
23.853778282027683
23.690198131752773
23.625261914433253
23.599022180223315
23.653776350546043
23.655307059675522
23.597040295936782
23.581302045527913
23.57914161273689
23.552627782010433
23.509768826217122
23.448424447395407
23.36096135225267
23.295492059516985
23.252382867185105
23.201638840600335
23.15353722532896
23.161356098508314
23.22803711236352
23.336252578575056
23.501326452482505
23.684908400751578
23.887061543709127
24.141299138143566
24.441045358666653
24.751304160630447
25.074134201563528
25.423112471803144
25.79068347277782
26.208370060599577
26.679014020516384
27.181558137911715
27.72395775548035
28.123198872195214
28.359199995242506
28.524146866254764
28.565062593275098
28.583153304210985
28.583577881946525
28.467822112352344
28.254663266798918
28.1459720740922
28.145817563118893
28.168386102414022
28.264701493129248
28.28863380737841
28.230338478967564
28.20500292812183
28.180192136474563
28.19722404090088
28.273737137698856
28.36777198390574
28.49517684303534
28.660546706161977
28.862425199656297
29.114138572559252
29.41824689608542
29.592070979317704
29.62194163181274
29.59776110980186
29.469820436328924
29.348786888017543
29.242310908785193
29.052059607957975
28.801056344382996
28.658154012791165
28.626610267025708
28.64137621999016
28.746076309109153
28.81723492345155
28.84891131453021
28.94003175065216
29.06473340310462
29.126017256346604
29.126647468071127
29.095253716006308
29.007938631663315
28.94703924750947
28.91556569607177
28.852323420877973
28.77474599499933
28.700504219053716
28.62431890200597
28.549777980209477
28.480002634609118
28.38855359252764
28.275253950355353
28.155537317385427
28.023612537743066
28.03437554786472
28.204791753000496
28.457993704212758
28.83896363613233
29.262894668151215
29.725913346896178
30.311322290474433
31.00374769308324
31.621975516087243
32.16179275882172
32.70134295838595
33.194686332338
33.771965907343414
34.442120387580346
35.10212733420363
35.78090305779869
36.24248150438909
36.45055539436086
36.53558990001676
36.4253928754219
36.22975105640008
35.953747452654014
35.475291772021336
34.8122162693518
34.46654701456044
34.46608736685161
34.58032887815284
34.94315893960567
35.225885441183316
35.40760307625598
35.76742455168365
36.236039675876945
36.537993598611365
36.68279863775723
36.75546131071365
36.68963843877682
36.71778057934294
36.85027842081555
36.916556459939954
36.96718857604444
37.060259514026875
37.18318335763137
37.34446482242021
37.55643399816486
37.74260013885741
37.9039308168572
38.08907818175228
38.282695432023715
38.32232210892659
38.19618602016477
37.96973563488158
37.5966792288892
37.18438007737343
36.735319727811856
36.15352683092787
35.45854947410255
34.89392415815209
34.469038968170956
34.07934119869889
33.78869195980713
33.426891798652896
32.98392413257513
32.599225731180546
32.236592839754124
31.95370029889427
31.7745205497045
31.648524551103463
31.5987095430711
31.628979366480543
31.7397693757777
31.95286006103916
32.27289543922902
32.38958267458963
32.27976608234406
32.09691119777269
31.756711434972278
31.448786112667616
31.186588254021046
30.802588397878644
30.336569942550813
29.94959114732744
29.63450714530729
29.340389946565082
29.104967305862925
28.790855536690334
28.390804958434664
28.003558241194032
27.598311393357932
27.289935607520693
27.100073295032317
26.95242170966411
26.882301705556202
26.84749328950752
26.84337001065357
26.923267245147148
27.07980837932213
27.17269693723446
27.198045181290762
27.219641443110213
27.202108727499674
27.242485332924463
27.34831169777924
27.442126890137555
27.545873046154295
27.61634312273089
27.640204910548242
27.653203826309504
27.64029499234381
27.60786764001888
27.557420554956146
27.471341631820387
27.34977445515668
27.29376489028337
27.308920231381034
27.345982481289706
27.431453226417272
27.500842599531026
27.549056761941284
27.630585682983284
27.731247396213355
27.792398464203917
27.81497713617707
27.81692272295814
27.78350119583301
27.76190666288849
27.753672941238566
27.722636655258885
27.67852153343901
27.63159944375619
27.578391662382398
27.520392682347815
27.459103272968594
27.37855526960341
27.278220519096173
27.166833440261698
27.04057806243644
26.967422185842715
26.954613229062673
26.967159849948402
27.024499214819866
27.08936323197707
27.159511570368707
27.270965836147568
27.41658768945988
27.454625311391045
27.37642623203218
27.24474565763679
27.020985162189156
26.797083325224058
26.577709162206798
26.283077084737567
25.931672423467905
25.638655836158087
25.404239906881774
25.185344573173726
25.01083678895255
24.79194106157565
24.523899051969682
24.27510804510264
24.02629989306262
23.849316159186564
23.75954500009302
23.710153206538006
23.724378676160022
23.778581007972853
23.87114031474123
24.03590052107187
24.26985360445432
24.397777943560364
24.409348816257154
24.387484580578942
24.285502328351487
24.215958346772602
24.18661660336559
24.101355812919692
23.98416123604887
23.915293532287244
23.890066127505523
23.886266705613473
23.922571348110623
23.9277020924933
23.898522410097335
23.885646632160153
23.87334455259661
23.8570915017066
23.84151524924397
23.81731630396584
23.784182998965903
23.75715143484113
23.73519372693555
23.710485717588718
23.685842647736884
23.679180648916827
23.6917056787639
23.716962871354443
23.76013480960017
23.808261215189237
23.861207229890276
23.93025843438919
24.01309954604756
24.063499909825453
24.078542512650536
24.078755212328698
24.051502216460324
24.02695552311119
24.006642886118783
23.964392406214518
23.90627060081863
23.836505484989797
23.75171508667574
23.653450773781096
23.541409394786573
23.405662012369458
23.24529368186028
23.064185424485768
22.85941354681354
22.842713657342884
23.035259990745608
23.33512753132222
23.803208549290336
24.318046171013577
24.874227582331752
25.587593622400465
26.435684655862577
27.102603357772352
27.575296115521787
27.991059607696418
28.266864359450548
28.619698977251
29.06248754944938
29.415981793900688
29.726199480591323
29.933345738202917
30.007784407270172
30.00717843567111
29.905890959599883
29.690469946085713
29.359733975447003
28.893299148735817
28.283437757709976
27.90966027909282
27.80084609502092
27.767718082627106
27.913451096108478
28.00744629245925
28.03300346960211
28.1943599127922
28.443022178732974
28.573118888239083
28.592370417960687
28.56726691690585
28.44902940476456
28.410402967965442
28.460369533297982
28.473351043826952
28.487796082793057
28.534163839619083
28.60267697714085
28.706982431443482
28.85322817667165
28.993593935916245
29.130045309574125
29.29203215845431
29.47056480809098
29.605835155037894
29.694917992022567
29.7600203719989
29.784555977557723
29.81250477778495
29.845033719462354
29.845247126037055
29.821596582737765
29.81357757522867
29.819771405924648
29.8263916161668
29.842686571593
29.83478860314331
29.800550701438926
29.764146325814814
29.717756746816782
29.630742646396317
29.502178578911103
29.340463795149898
29.136973825529623
28.914614718685495
28.67314080561911
28.393019025796765
28.078132512371365
27.965616312774337
28.076598845506343
28.301881749692242
28.70902614622493
29.15555213803438
29.63564245206011
30.2815377726475
31.066640708647235
31.706261768629073
32.1927851227067
32.64643024849705
32.99408204402473
33.43977205349493
33.99620113236108
34.50009933268428
34.99582033657511
35.394820062755215
35.668029484636335
35.886853365838995
36.01924529231012
36.074242193924576
36.053205798364154
35.91996841968998
35.67264675078597
35.56777346236057
35.62058881956416
35.704218267524666
35.88622562571262
36.00395476680925
36.04427999774064
36.14529343243801
36.271167684394904
36.382639024287826
36.49339600549945
36.59787816509438
36.69064940612242
36.828665970454
37.01375871911105
37.2148854806639
37.44563481339233
37.614462618415324
37.711065710597815
37.78970849101724
37.82502563089126
37.86362747053729
37.91060499113859
37.92094606109219
37.90483943611906
37.85124479544494
37.752434410832585
37.61981662998104
37.44752762725732
37.230433720873805
36.967509411485416
36.65462636491949
36.28906382654292
35.90813532459382
35.51292371710426
35.082115316309576
34.624483937132545
34.11487990176457
33.549784816516784
32.94816688917267
32.3033150800467
31.85629739362396
31.633262992282365
31.515890550108534
31.574282430899782
31.673278205896054
31.80693317550645
32.10662155845612
32.54775583303419
32.7048807171596
32.55678833453771
32.291638366277404
31.796131412087465
31.355355297359306
30.98588367809266
30.447744276976675
29.800511366475998
29.309748672176365
28.970161901724893
28.694953363879186
28.549462905741372
28.31648699540474
27.98632329396016
27.72181358716137
27.47621476813642
27.246677968570754
27.051519966973856
26.859829119177007
26.675920340756807
26.543615653695788
26.462051242002488
26.41474685779217
26.412014383121583
26.429516052558235
26.465961624848596
26.542008295098263
26.652688346222366
26.809201990214554
27.015608684223267
27.263668772458725
27.557765158169577
27.74083246771618
27.797077015091762
27.804510192570266
27.718261965763713
27.629342324385043
27.542702253178852
27.372647276731158
27.136666148884355
27.009345570919404
26.99480069386148
27.02026246680812
27.130404828515175
27.199558620931178
27.220027997084994
27.29203737278646
27.38828901977741
27.39730546683893
27.319825913491538
27.189465608819987
26.977554835023472
26.77344926245762
26.57946611259104
26.32601077071987
26.031007841285625
25.878938899768073
25.87958481939552
25.95781690917448
26.164095465847645
26.372661759850317
26.578709064423354
26.889828312356304
27.281368809588805
27.565538648256616
27.738932502621186
27.875427227975408
27.926831130843976
28.032544936892574
28.200015264217818
28.318876994082046
28.41893503430942
28.417874686218134
28.293581042219632
28.104405782857693
27.82200464766873
27.46451696425969
27.03300827102496
26.490744146140948
25.838339686073503
25.32209839148325
24.95745981821442
24.62504414762549
24.39054354182033
24.09793930567197
23.735834684420347
23.438175017148392
23.171469420220056
22.97458209887853
22.86949140019633
22.81652453838366
22.833502886645626
22.933126652431625
23.11674065286602
23.397264366225546
23.781179790395715
24.01140320478421
24.06885831434251
24.083162022939963
23.984901811804843
23.930859763149517
23.93309598849044
23.853824365684368
23.72656194813531
23.69590260485725
23.75771879697908
23.865549271049133
24.05439204098703
24.20534652729004
24.312901450410404
24.465239130363695
24.63652334532091
24.74476818740273
24.791301859114846
24.796339000690907
24.738513034053852
24.687154268124605
24.64294897393668
24.55221759132377
24.428306816585057
24.304892284076463
24.178014151435768
24.039740952227255
23.897065753535514
23.714186195305636
23.48899666732182
23.24435076794198
22.971670643486128
22.81862892917056
22.80185251267697
22.84535429027727
22.991858019087154
23.161332664877307
23.349339847295482
23.634435317863847
24.001671331418226
24.23314284643366
24.319744598853205
24.356483288895284
24.28608379936641
24.257445593719307
24.279482131780615
24.22893379698955
24.137363629528252
24.109920685248113
24.14123623254282
24.202509305504332
24.31868438272545
24.396808178435066
24.433207117485797
24.49472091515615
24.56118648836762
24.7407279529859
25.05157030586635
25.42888548336646
25.905821720840116
26.43755869964921
27.021027346108053
27.709273836834186
28.49495006980126
29.056426958931684
29.371158643712324
29.58797150455156
29.618695117458095
29.664999541867687
29.738100204100142
29.659892405600722
29.47100017759569
29.354596466521944
29.303220370149873
29.254662989804345
29.25155771982411
29.13820664053001
28.905091319547722
28.663464711231665
28.377600787745134
28.23774087046136
28.273885847870442
28.370225594655842
28.583714179067908
28.830620039621685
29.10367538270275
29.496297946811076
29.993071772041286
30.244139306028078
30.230588311591827
30.11012440919204
29.78926765023975
29.496868428410718
29.24657154964629
28.843440246994362
28.335137801653925
28.063230660582132
28.035962709843325
28.12320810313933
28.4143568765293
28.66073235403554
28.851568243911316
29.18828384454691
29.61977076642384
29.877259562634304
29.959986879867206
29.96157328565781
29.813415818467707
29.72554909162603
29.706713245729706
29.59352286575942
29.429953655492607
29.351940616848363
29.35309050633235
29.398698965617644
29.52173220530742
29.60001482704706
29.629736019391643
29.699519544498692
29.78353163100399
29.890602406697102
30.03161145130549
30.184708379876486
30.355139656732604
30.56156874569234
30.803275220695703
31.076482571796312
31.385872028089853
31.712427423366794
32.05576791485198
32.4294540824805
32.829541354885976
33.26708443313663
33.74476089149632
34.25473916350396
34.80066223899964
35.207491540406174
35.457212374504834
35.635192308769575
35.69097202578009
35.724770459050866
35.74126170371083
35.64469226116213
35.453685745103535
35.38896343951475
35.457199783306535
35.56389219927049
35.76594102436787
35.90725386848667
35.97799285064927
36.103968823609144
36.251317572484936
36.389938186921924
36.53228547879165
36.66964460362673
36.79821376994098
36.96740555218696
37.17826412986982
37.40446316518212
37.65758535716522
37.83997186131072
37.94083379916726
38.01552177073246
38.03669634884802
38.05504278493837
38.07522819603315
38.048146834404534
37.98437751332896
37.89194346825427
37.764132952876366
37.60323474260247
37.40839552722199
37.16169990083688
36.86115093253846
36.513216601611084
36.11235500949624
35.70559394558936
35.29633725463173
34.856820519922856
34.39907467302432
33.89502698121025
33.341011634813164
32.76060464904653
32.14681441906661
31.747933738387786
31.591982205797606
31.55756113579412
31.71753825485367
31.9344061761447
32.20277791807655
32.65819500944522
33.276285293566765
33.573930465838366
33.52530570586931
33.346457339200036
32.908145036572584
32.530736521785656
32.23296161529017
31.743235928478086
31.128280617474484
30.613996448545304
30.18630720919718
29.781066656566924
29.450131525310905
28.990030241505504
28.390739148604137
27.794848403039424
27.156581932397135
26.70833807179666
26.487499344843044
26.351398348793765
26.36980734717125
26.443356003905052
26.563277208842102
26.84252131416037
27.26302705118596
27.48887483439863
27.506492903642
27.466518496381056
27.28158115182589
27.178853267529718
27.173552690002616
27.078498119600503
26.942858240255237
26.832947547625
26.731786010824013
26.64100014846093
26.571951702385633
26.43858604545447
26.23820096142429
26.021027916908448
25.76706020589396
25.655018322640352
25.705865199712687
25.819803885220633
26.04777084869787
26.29798271172715
26.562990578682726
26.933674169348386
27.39171575282922
27.68507558113787
27.802534130842027
27.852378231470524
27.767756035886215
27.718905159928756
27.7151044530877
27.613671510585263
27.449928395040885
27.34650359935745
27.296535613753377
27.26468063351942
27.279438305376495
27.231422904117043
27.11539159412801
27.008720446449384
26.88698626971167
26.862137873559735
26.95324999837037
27.09003589716801
27.306444333371626
27.556985020087865
27.837483132768416
28.20160307692588
28.64127848010756
28.813866452461237
28.69437119223291
28.44050221440646
27.957673806972593
27.458785010151026
26.954929328798375
26.25622872310669
25.40488310996375
24.804892577841983
24.469114267364155
24.232245284495335
24.199961951302313
24.08576513094339
23.874620781691824
23.80011818634204
23.802157286628972
23.725998700998396
23.58632305284566
23.41692060884396
23.183436857938005
23.037609192433493
22.985624092565104
22.9248778731897
22.8893554911316
22.882878288811398
22.896702432140103
22.954539571600044
23.056479583253065
23.176020150279243
23.316739092550566
23.492821389228272
23.700331664656076
23.822896892823543
23.85044095718537
23.835530073531213
23.744977158577626
23.651950336370373
23.559346920091336
23.40062775391947
23.189610573448864
23.09082946480494
23.110554253638448
23.178834729191102
23.338872867069597
23.476021781327564
23.58377111828848
23.756313623791222
23.969433478716983
24.107020632542618
24.169456390206193
24.195409738743308
24.155368268952756
24.14096896411753
24.15568555010814
24.128539018723224
24.0785727508265
24.081719492370237
24.136889650356476
24.220987711696765
24.353208000388108
24.470579735033663
24.57103454503211
24.702442974658023
24.85175756088114
24.879672407756633
24.77775096712091
24.602563753861478
24.315413726806156
24.009246577096484
23.687052410579188
23.26763448093878
22.768653524340852
22.52466707619125
22.55752688169372
22.72015444626018
23.10460808561224
23.494490382407307
23.879746158479882
24.44991213748806
25.162247083398317
25.763670052023976
26.256501445933267
26.73503324941874
27.13727958713778
27.663651556160822
28.326003020269457
28.973661503588037
29.651289855146246
30.09601932602054
30.264511315830443
30.31161313478568
30.156803934902527
29.913978351491345
29.590413581827097
29.05471285395586
28.3257720223336
27.941535320882465
27.931598098857794
28.04897971248155
28.437026503633803
28.744354056380566
28.948574165443183
29.348212581522777
29.869176158623265
30.15492024525745
30.209264304887565
30.152111661800756
29.894479497392826
29.720417084789265
29.64224901028646
29.443305963435424
29.18396444782556
28.977975107120304
28.81122135280107
28.67125561188215
28.58345664338441
28.425340802576514
28.19463116974203
27.973126551001744
27.73472994196811
27.63040718208886
27.683672512733892
27.80526936908387
28.04060238434255
28.324886773947323
28.653374079642052
29.099974418627404
29.65348849922672
30.024043568771273
30.195946028583535
30.301403948278036
30.263182400493722
30.270955859742685
30.33659175920266
30.299007301142986
30.19808591542814
30.112006684089877
30.026887784267313
29.931261967690666
29.83981391283245
29.66442810999262
29.400552027008196
29.101909535840505
28.74737240539699
28.58241827712383
28.63513718044307
28.77339566948104
29.067556095654638
29.387431888321775
29.723950322494694
30.20488066933362
30.804888626192927
31.351607672930715
31.848298895756198
32.36288582793509
32.85466507323972
33.459970987705596
34.18884073341396
34.94128994271453
35.74915312599535
36.3012587430571
36.55612627085135
36.683330999454455
36.59077736627316
36.43474609349937
36.224495937540354
35.79803708247519
35.18361338260338
34.85956394858494
34.84618295856746
34.931082242414966
35.239560770453785
35.44678778554402
35.53209875740305
35.764150560853565
36.07338304308377
36.291991806407175
36.437502981713294
36.54289908294898
36.5712623642943
36.68890740052952
36.901963354432276
37.098509008438576
37.31551198458337
37.49469217015748
37.619996250167205
37.74624392342234
37.855261349117825
37.953417290430494
38.04565353117843
38.11296968771415
38.157180423686626
38.106030446746175
37.948010616264156
37.71721786079414
37.3903966387679
37.004631611206385
36.55951934982677
36.013848581320005
35.372488501134775
34.84033206270359
34.42965824216263
34.044389777766284
33.739385096319566
33.38149401336247
32.96189129403581
32.594162693400854
32.250109956737184
31.99647060985728
31.855513236301068
31.778193329779903
31.78960164019837
31.881821238914956
32.05560313266778
32.34052979347575
32.73900612752482
32.87918473309597
32.73250179664199
32.479795054141
32.0191073992661
31.577798235839538
31.170574128602514
30.594974369419234
29.8976848213262
29.377860263098125
29.036758235028817
28.762103799294824
28.629188449410865
28.410507827442895
28.09412408615133
27.85668710071966
27.6491660370821
27.46375274017722
27.320722341977664
27.19039380974603
27.076828158055648
27.03017374301885
27.050508680193595
27.11864502294351
27.24691750722466
27.31580906992099
27.314669405472138
27.310744830146
27.271897610354525
27.26419217889178
27.294487945910532
27.302716261109616
27.303674605678495
27.294381928841165
27.26642301259542
27.230910352741216
27.184032097622822
27.112844317169653
27.01657321929205
26.896910520942264
26.74977986845113
26.64895056778549
26.600130254691116
26.56428436996508
26.561172427291076
26.54683587920264
26.517323676943686
26.511296673029477
26.519049090395885
26.517043735725817
26.507994088876085
26.49652532101082
26.477606903878385
26.474342615445234
26.48766475556052
26.502195518129973
26.523138408579722
26.547095720491622
26.5724112443388
26.60462091741194
26.642635476198617
26.684811554439214
26.73183670309986
26.7837049003645
26.840296202008336
26.894473217780945
26.945462814226246
26.996591896501695
27.045752728547782
27.09740999481821
27.151719556510635
27.204514140377242
27.2566101346672
27.250052015332958
27.178177215649097
27.068449058601203
26.90366188765683
26.715647076594212
26.505271572091715
26.24065146151579
25.92714406752884
25.663710673910064
25.45468190577269
25.255596621033884
25.092376643595326
24.897619845836974
24.66688988842931
24.455811855841326
24.24985137044765
24.094339743281374
24.001065419276532
23.93925019363734
23.924506881707913
23.945292961193903
24.00122658327915
24.113384974457485
24.28119765993257
24.365263213586307
24.356807038305902
24.323223087257666
24.22728271535511
24.157447496179163
24.12010642583706
24.039289282640404
23.933941971539404
23.866540287665142
23.83328679254349
23.81710860950032
23.832493280953173
23.823811577397713
23.788632578666505
23.76636859762799
23.744739300351416
23.74814678923142
23.783051539998763
23.829126036175545
23.894248197061888
23.974141921593997
24.067450629702787
24.183508073768827
24.321663220379843
24.403365154465995
24.42271512007838
24.416742652245855
24.36381302760795
24.31176253551961
24.263300199661863
24.17549748476796
24.057914880870037
23.993057577211328
23.982943672313336
23.994389339499776
24.04873182048016
24.086390558519145
24.104179127460853
24.149990981881572
24.211193683629066
24.243407730881692
24.248159193710837
24.237917329703443
24.201795993757344
24.177926278989272
24.167595109835894
24.142604127665408
24.11098879448083
24.09812697287425
24.10335665290975
24.12025907900305
24.155290090487366
24.186342687068823
24.21299091571844
24.251903255282507
24.298643232755524
24.490786338238365
24.84462299336811
25.293052717568123
25.87687796102465
26.52224547570928
27.22673629788257
28.06501294799839
29.024524627949013
29.673011725273668
29.97967212480188
30.14226575484281
30.041652945767762
29.950136116890246
29.881895798885132
29.59583202472848
29.146180144248007
28.878519443158023
28.792320119496658
28.756692469633098
28.857372842906962
28.826728910183764
28.649341395825807
28.52957708156192
28.408487622970338
28.36198553517729
28.42092813187494
28.508436859627402
28.652797142096667
28.861301974683972
29.130671050919705
29.484717007175593
29.92736858105954
30.174895484186564
30.206867781567762
30.16311112170558
29.966893675404314
29.7907852746286
29.647100332196406
29.383508874338297
29.036271462518048
28.84238721697888
28.804733445057778
28.83479204690084
28.993294788116902
29.103611510743995
29.15748092741542
29.294812327883786
29.478502420436897
29.587733871177914
29.627807017773407
29.63098907124641
29.56799983838926
29.5457562982763
29.56786648045797
29.556494595283354
29.53435516104665
29.492712843645712
29.42193804595436
29.341757232253492
29.24730135221055
29.1229201119789
28.969320578839458
28.789236576653916
28.57873519682755
28.50151908696038
28.572995342752023
28.7126810039332
28.966855235355666
29.2415884814122
29.531721275750886
29.925500053408303
30.40482502812144
30.872004115374263
31.331195384694595
31.818849911270252
32.31283292024146
32.895506044098845
33.57314707630139
34.287918172533864
35.05955005759786
35.617302374858966
35.928612146506765
36.135572072908275
36.15913742862837
36.14257147840147
36.09393126619744
35.86999883306192
35.49721075030931
35.31663335489285
35.33861502797062
35.415279605437625
35.63427349039847
35.75586561419555
35.764329682043964
35.852816883428964
35.968970068534595
36.083687951200965
36.2176150570108
36.348839244437755
36.476301121530426
36.6654911027482
36.917344143061015
37.20082322179587
37.531603636203265
37.76177899687221
37.87639503464046
37.95827245200344
37.96660569382467
37.98069824846857
38.00800299673201
37.9737632586077
37.894921081913516
37.80458478303052
37.69518084241804
37.56144729658486
37.40859710951762
37.19803721529425
36.92694269528533
36.61714151278925
36.25867466371945
35.83876978385972
35.35643018271675
34.80880787412871
34.19099749473678
33.51317032578533
32.772730243372045
31.958744278601575
31.071236221604686
30.514476001167058
30.326900596235024
30.31756063411849
30.602217279860017
30.94313480293331
31.330026969535965
31.9863681433136
32.86787847390142
33.322154788566294
33.319054006824146
33.142479433406656
32.61927249466127
32.192265508484354
31.88659695352776
31.332089819507928
30.621331954939986
30.076001789347515
29.67925063084798
29.339012104877547
29.130765903928182
28.769851549620174
28.243395737875648
27.754431745811758
27.240073808733026
26.849858619116226
26.619718848932393
26.43416320963849
26.340885097075343
26.304182403058228
26.316811781507564
26.440336677287572
26.669133841878526
26.833378441118903
26.929332874656367
27.037252393814335
27.115331594431392
27.280281137276898
27.54262978690244
27.81073249667498
28.112002773568527
28.241731548237478
28.169238950634437
28.010561721895805
27.703937887727434
27.346544102071974
26.944322360399788
26.391993934633685
25.706551118813167
25.351593679870838
25.355249758487936
25.50653464073204
25.930704294901314
26.328557706975587
26.682798291671915
27.251715429164378
27.973795874248065
28.375770250364432
28.445556543636407
28.36726035622555
28.017248077975186
27.738162598945806
27.545889529709335
27.162908916313715
26.660220149886747
26.399397846328057
26.380973765091387
26.48090044093123
26.791485552033773
27.029301981475598
27.183022208919983
27.47304677466019
27.840279500894162
28.017253941256296
28.004088053900887
27.88724634132324
27.597890257963662
27.349349517250133
27.14860064733073
26.829609455199627
26.435987370135564
26.181481228868233
26.066674585716463
26.01937694602418
26.094502897644457
26.122885674531553
26.098192703621017
26.152076309867468
26.249510957151006
26.234961644074797
26.109110878126565
25.92202299270939
25.633965075298956
25.370358873616823
25.135539472393468
24.832740248541498
24.48785592336966
24.248141757873984
24.11655716204207
24.0410221587063
24.06039485787452
24.063514145698825
24.04661554287594
24.099200368314605
24.198914731582516
24.226048801559116
24.18048453242541
24.104550719948698
23.96790193118182
23.86485977271511
23.79970366960789
23.699670591149584
23.58479515266738
23.50906073388259
23.469220018514555
23.453466876986276
23.474810677444907
23.48306095513889
23.477007426750546
23.492677256205468
23.519596698471144
23.55286354008568
23.59605809536247
23.644362296100542
23.69746416435175
23.768040981476243
23.8560317998739
23.955148096088408
24.06825243378833
24.14369908331357
24.176036472428162
24.19177329704631
24.176161816721994
24.157357220622927
24.13703759909193
24.087931912892095
24.01541594564936
23.9548411805254
23.905333629973526
23.852983745126576
23.806033032319103
23.73602337326512
23.640780827552526
23.540886967232996
23.429610321897524
23.371711818488805
23.375696191126277
23.406102757342936
23.4820030658186
23.570665776850134
23.67003508638864
23.813764308733685
23.995833382692318
24.146671458659604
24.265037177145178
24.380925210820514
24.476907041112256
24.60325522468238
24.763567796622652
24.918455736254295
25.07922832603432
25.33469564791148
25.6895567281697
26.110337766161596
26.621725629109946
27.16351288404643
27.73440089836739
28.386855412989853
29.109769389626194
29.637157407613845
29.949975737882635
30.167006456083236
30.214432251860796
30.261132852854725
30.314861179067677
30.22563943189854
30.02646684100811
29.917494873257112
29.89639851701827
29.88764183689441
29.939831354111256
29.893912732814165
29.739923610893182
29.596584477001265
29.42801725937685
29.30425602613817
29.24491781964979
29.19116971869687
29.1661548596505
29.157824425096393
29.162523405966475
29.207675190626038
29.291699993436765
29.331228028582114
29.324307502545157
29.31127173145736
29.271681587389196
29.262120641801772
29.287989225720597
29.3048348481563
29.32610674704714
29.328270670790765
29.30434377388947
29.27542786523611
29.23372420606832
29.18328910591492
29.125695022910058
29.05181231399233
28.962378083267726
28.901294568256432
28.871010405131702
28.850858031533186
28.852465463387304
28.84808977354034
28.835817702475282
28.839429657670202
28.85302866377821
28.80437823276482
28.689267709143884
28.537718480816974
28.32986861440783
28.11334221321476
27.889947758390928
27.618208596256085
27.307343032436613
27.21469381974274
27.36044635741618
27.62934291456948
28.093701514690125
28.593804364197386
29.12302842725355
29.826067967516614
30.67252743567912
31.379175693006886
31.939839901092405
32.471325423246036
32.9012234189017
33.435807275805715
34.087519324732234
34.692637301871436
35.29598273966821
35.736090978819526
35.97651512651106
36.12316473255268
36.12288730192971
36.026302734284826
35.836362794001644
35.476865926718226
34.95341786170536
34.69230670453672
34.7193513600462
34.831548131795245
35.142658963925776
35.380063301776104
35.52477943462829
35.81025727162601
36.17839907205291
36.43946186400894
36.605444566771965
36.728023859829136
36.76342220131058
36.881780798354185
37.090704189332435
37.270253352191105
37.45817079982772
37.60892828001238
37.70604397705036
37.79841080588588
37.87061602919485
37.91954995282342
37.949069907902455
37.94684158977368
37.912213384501904
37.84512425691671
37.74191104881107
37.600848379744576
37.41962232478323
37.19502843016469
36.924764267935835
36.60676266105895
36.23849163683159
35.85070228806212
35.44442956113078
35.00169308036052
34.529748813627606
34.00737477517541
33.43152475116906
32.818059637445636
32.16125067507432
31.720815471650656
31.524532435746455
31.446135282928722
31.561118593004245
31.723076380053943
31.92582629523282
32.311335569175185
32.85306251143052
33.10165593550562
33.03529669926787
32.85252831956182
32.43397327545696
32.08192085780267
31.81413573478078
31.37701943623975
30.83397241074319
30.36048518884015
29.94040373619986
29.53170248014439
29.173025325841138
28.695372109775803
28.09084613262365
27.47357864503733
26.805146886152272
26.33911496513409
26.111346282992397
25.974066060645505
26.00193468202668
26.075977089618693
26.186692385085784
26.46076637445467
26.8758542100187
27.117572720575144
27.175946129081257
27.18845302353448
27.074268401274725
27.05168981013874
27.135226002094253
27.148130965014833
27.13805268934143
27.16142672081989
27.202285808552926
27.26647274316922
27.363517552078463
27.416387602476043
27.42349488321622
27.429546784364643
27.417052000928088
27.40451674693515
27.39634792666182
27.369933494008535
27.32985010873212
27.275503935099806
27.203298783987034
27.116378934282217
27.013060822094356
26.929614819987393
26.869531384768127
26.813707670592528
26.772273050708087
26.722713828418367
26.663287466559595
26.614035929274685
26.570173898887244
26.54605213470556
26.545964890000334
26.56023700242429
26.594130389054712
26.6447487657437
26.71227643358573
26.803510445428124
26.918684504100398
26.97770180338353
26.97436779993042
26.94737507450966
26.874698097742197
26.80537197442651
26.74245950416898
26.64220447511116
26.51460252624763
26.394764908632776
26.27986348768766
26.159312463188805
26.040726017493718
25.891716410524765
25.71019063959741
25.51795325946029
25.30731280351498
25.112874992151042
24.9398401795183
24.765934577463245
24.601192689299978
24.430252691164423
24.2512425508946
24.080627577969704
23.915183869214403
23.795629673346696
23.72885376417216
23.694110634911663
23.704476570246385
23.74108498433121
23.80394463307927
23.9151570814769
24.072307261300637
24.182097203440673
24.239751311631068
24.289228432343606
24.30602649505258
24.3520273899438
24.43174750137757
24.493606955131835
24.55111774315632
24.60508011724624
24.64901023847001
24.691541604124964
24.73071113774445
24.752992044961715
24.757997856941518
24.749813423748275
24.724751036857235
24.710480417759822
24.70887541480443
24.703299969487237
24.70070866160896
24.685005191275415
24.65391503460191
24.620905213935195
24.581865783415456
24.509610386460615
24.402672695478056
24.27053953002745
24.105529855848474
23.925618771505984
23.73087156873591
23.505187193881152
23.251638498496607
23.07768065244801
22.991609591628755
22.94445565882421
22.966217606236516
22.98991311636717
23.01239097291396
23.093836257938634
23.221222303861527
23.29071489259305
23.300947804996696
23.29346239817807
23.242006212938616
23.223939578413688
23.243851950037662
23.241230783786005
23.232975121812327
23.30688962164613
23.464873327814527
23.677514939169622
23.968297431336797
24.271711354599756
24.586237400971456
24.965494055467722
25.396823231875203
25.776887717763408
26.102814257057574
26.4157151144176
26.688590632541526
26.996871279089735
27.344331928967033
27.670168296892083
27.990208661822198
28.314828074360847
28.637225570092767
28.962766569163374
29.29176527474155
29.60183316821897
29.89203838510536
30.172686066973448
30.43803466703987
30.592270181784933
30.62510589260626
30.57605198948783
30.416145961911802
30.20130502263783
29.931385259197363
29.55085476265206
29.06828113816604
28.74106994795334
28.58500632180993
28.481723065994426
28.50069622413552
28.474437969349392
28.392829260647332
28.399697021944963
28.460250485268787
28.526943860948204
28.614952706019594
28.725136500689604
28.851290666202825
29.060066354270884
29.35572475475748
29.702995344300064
30.119103901864708
30.36804801559533
30.425654365578307
30.417714780547804
30.27792850518338
30.13704626155053
30.00491515810367
29.757974521631887
29.42277871956167
29.19793101914091
29.08478388901686
29.00527734246622
29.009124385840863
28.947920874714896
28.812892325749004
28.71937565418134
28.634862783056807
28.60373564638641
28.64399764698751
28.712394874841177
28.825707282149946
28.987495704604505
29.196382077163253
29.46712470886074
29.802228270646836
30.04327195546377
30.179457559961328
30.28950146907085
30.330988385769736
30.401357903994608
30.508050543985004
30.5661978080026
30.596711269121556
30.783336434380224
31.133429731049258
31.57442492151963
32.15559407853869
32.749670529834084
33.351622497267286
34.06829772827947
34.87436268603488
35.43463725053359
35.72993676976394
35.90210263580641
35.85953087025789
35.825138854177126
35.80856444510108
35.617504561169504
35.29602896578991
35.15888115408296
35.21004963285972
35.32746956963732
35.591238294109736
35.76483740863359
35.83551941864928
35.988762478561924
36.17367320215554
36.33051319435079
36.4755912224504
36.602463178299935
36.70065540266613
36.85245972958285
37.05931422189347
37.27295685061568
37.51186055303686
37.67352707668755
37.744459138484416
37.787118885407374
37.77231255822171
37.74751349328487
37.717872490106906
37.634163242236475
37.50624101588151
37.40139401842116
37.3185864767517
37.23165514160358
37.156659783075746
37.04168319070487
36.88314826836693
36.719764621102115
36.53964030020301
36.255214860689186
35.86139581663562
35.39031708786173
34.817253502893585
34.201127859063966
33.54269046212737
32.78977069485568
31.952830839421626
31.42720385218825
31.24493729918072
31.225995737938508
31.481590874425695
31.768302632551418
32.07543498724425
32.624270570110994
33.36826514225908
33.74838520566729
33.74217275645451
33.58692396093259
33.135173970767674
32.77400391963055
32.524736951481
32.06744092302429
31.48323003096913
31.012879345764315
30.6385988797155
30.29939662226434
30.050173715031676
29.666489389853584
29.13861259632525
28.622154467183883
28.06709932840792
27.639558019216015
27.371340917602694
27.14781261736727
27.01964850721616
26.92921752419794
26.868770521785326
26.912870323915506
27.050924189970708
27.119508643023558
27.116336838262953
27.11473674588804
27.07458583085103
27.111866975115
27.23611582920173
27.35724469787368
27.502134081756306
27.562728202719004
27.518383386881542
27.439385863438076
27.292097949542935
27.118181906316877
26.921523636983697
26.650309389883496
26.311570893893997
26.11200487270795
26.06253014957094
26.068004861785557
26.183213837112046
26.27315152876868
26.3289597832328
26.464884813753443
26.652253321430592
26.812366798405716
26.952436847577914
27.090940944349192
27.210481582814676
27.38638216103767
27.621992473620164
27.866212549149513
28.136038750380557
28.24258876057483
28.16192274624101
27.9951541715023
27.686792992823143
27.33299757639488
26.93930274233389
26.407220766847608
25.754213366568454
25.37147349716862
25.281831831323554
25.30955930042183
25.560213903417544
25.778962209942463
25.951493879639063
26.296862501306258
26.76276883005167
27.01462619854771
27.049004948817608
26.990744625537516
26.75440299553274
26.592529469801736
26.51727793137131
26.3300773832845
26.084389597312796
25.87658161664927
25.691876819026735
25.52057815269364
25.382772781816353
25.1703533655592
24.880246594660363
24.581761466961492
24.250853700468934
24.029090304003162
23.936645852772422
23.88909478318701
23.927890109412534
23.988645111174872
24.065601173213416
24.228031195866894
24.46361242188041
24.566100652209602
24.52642125155148
24.435573438031255
24.239281428412827
24.076142519104884
23.954596738307774
23.759062435158373
23.51886872683254
23.387333264879057
23.36490500204624
23.398711457135473
23.527957280417613
23.63409597914142
23.712462564073707
23.855825017910607
24.039594705551067
24.13745059623616
24.148195239722185
24.114989976171813
24.005000651213663
23.916087426052687
23.851658626545657
23.734375003134026
23.584182233802004
23.489997042513643
23.450792352652286
23.437527450094375
23.47250693416322
23.482945242195665
23.46587149327966
23.47646677932246
23.499309107452138
23.52253595387549
23.551485247664292
23.581310764009125
23.610518426744456
23.66060089775895
23.731803365965856
23.812693708190274
23.90820006259566
23.95340614370316
23.941242578071325
23.9061108104323
23.82952232861391
23.746180272204416
23.658444591649115
23.532524586455615
23.37518001501765
23.356124864395678
23.487305671310278
23.69280161200724
24.01956722768161
24.360535526273978
24.710701542335688
25.16521608001737
25.703121070348647
26.144008558932118
26.483837783188974
26.79546076279057
27.032460704369953
27.326245397457452
27.68413408158152
28.00125855099668
28.305754615877312
28.54157015184267
28.689878874535477
28.795602274071527
28.838185367530983
28.822250902333348
28.748296563588763
28.59351533554278
28.356195742231506
28.237609929191514
28.251119182176314
28.297588122219754
28.430858475816976
28.525270514212526
28.571381413029876
28.677889573882183
28.817797515902146
28.935822788107988
29.04095865494892
29.141760377334162
29.22747608625917
29.358046744866783
29.53632547609065
29.724918844973857
29.93793808549483
30.0201999755905
29.953412959186217
29.82148166982337
29.579693946335727
29.309200255047998
29.01556630503786
28.618246643295112
28.132849962283927
27.841845370054507
27.760854043509184
27.765376808018278
27.93152514185842
28.073640124469875
28.18178773817463
28.414961831986684
28.73524227760498
28.919705835522002
28.96795782838939
28.96142556112054
28.84393858614797
28.787713403977254
28.80128203152403
28.75146700372745
28.675189686007226
28.639587488540492
28.635633276148454
28.656938245827824
28.71824255257161
28.746374451242996
28.740000249334887
28.74754251110022
28.753360940628045
28.822578385922267
28.966510441922924
29.143435925124653
29.373076905380838
29.63086838824678
29.914337912752405
30.253709767522484
30.64469581004944
31.06713948065827
31.52489166118648
32.02626603720032
32.568458717964845
33.17255004085983
33.84162177210877
34.56451095080428
35.34761520826074
35.89867046695818
36.18825025404176
36.359261973493965
36.3278778158684
36.26153277825439
36.16841698212082
35.889261668043204
35.45549301269486
35.24218744864069
35.26153989621592
35.35323795686722
35.61447845731548
35.78157136991063
35.83836483936206
35.99869627767431
36.20580827895644
36.363838091614056
36.48983655323152
36.59090390540198
36.64797272345581
36.77136102068301
36.964326842688166
37.157750928428214
37.376469973237874
37.54406655177746
37.64758573546029
37.741966695428495
37.80516519001544
37.86488581423954
37.926235129743475
37.95642330609415
37.96175130226742
37.89375038927604
37.74205488833726
37.53285356786178
37.24961314298197
36.9120728063628
36.519710158091335
36.04618886621152
35.49328110929555
35.029066354335626
34.66443843027251
34.319061972962245
34.038148437568935
33.714531766858094
33.34091491640855
33.00969111319508
32.698203205277295
32.43564842073738
32.2377123413201
32.07652455206343
31.96531677977472
31.912063506441115
31.91802937251786
31.993591043524987
32.143385251652646
32.15212739447996
32.00327366062733
31.804428127990388
31.497006435333468
31.21180716681121
30.958328283277083
30.620656551250185
30.226302761562877
29.878786812634562
29.57235042703043
29.275474656840174
29.01195827780519
28.691389381104628
28.308921594157706
27.928446127714956
27.529488271831866
27.233148603561776
27.05792837659814
26.931945884991435
26.891409498285373
26.881875225274694
26.899061209254274
27.003061994293304
27.184002347658634
27.294985147685612
27.33193158701174
27.359879773147426
27.341504406891765
27.379578945326568
27.48146504037946
27.56493957132757
27.652872967449337
27.694796055945268
27.675813422508753
27.635421165486342
27.556072887478386
27.446565848611264
27.308201038976993
27.11962326162517
26.881038958671482
26.759530894674953
26.766479572630992
26.821270417455203
26.96901187725048
27.105697405648126
27.224240425698387
27.415491700779082
27.6576375957608
27.779006015276792
27.774664505930616
27.71141376202692
27.544118666721115
27.395545491806022
27.271115135575023
27.070443495637598
26.81867822793427
26.657384709730678
26.58754499969487
26.55858181750242
26.606748482219324
26.622887312423842
26.602285348827564
26.630379173994427
26.68429817257746
26.75515369264073
26.85275522601993
26.966296513878028
27.096712518460254
27.272278438468927
27.493855459655013
27.749609489328588
28.04679444810978
28.13309486510251
27.98339404952234
27.72239448562675
27.278106894457082
26.793807022542193
26.277037632344985
25.591568908811976
24.764591466895258
24.21281858265095
23.956753307690157
23.8149067517366
23.898528516359267
23.92770943149713
23.887080125435194
24.012660201315466
24.246514916236006
24.32802458356898
24.262873212186005
24.13708700134882
23.886932346797778
23.726631403542072
23.666297068053822
23.54627689642385
23.413113342904257
23.35850226281715
23.374071838208568
23.449502235849696
23.606839729924012
23.752995723804002
23.88767993971863
24.076524618144916
24.301000690653137
24.43117220362412
24.461508860718734
24.44077790676346
24.333514950167004
24.233545822788876
24.14373794472768
23.98561632551868
23.777447672860706
23.669715971063763
23.66643005653596
23.707597793418582
23.832416931659438
23.93121020087329
23.998386614184582
24.122226388022252
24.279640415481094
24.37880728583554
24.421633405347357
24.436061483078085
24.399215364550695
24.387390044182858
24.40332385747349
24.389553897574654
24.36209358871729
24.337883139400823
24.311793303556655
24.28660747594965
24.265179113337446
24.222250920471613
24.15739599864831
24.085105316111278
23.99966761671197
23.947016989763306
23.932672672591433
23.930608179249866
23.953924976402785
23.979619169639463
24.005742460843678
24.05536153488235
24.12388416153535
24.20568285286246
24.303945276887042
24.4189405091305
24.550723199781544
24.709114087126423
24.895377375227465
25.10561857605639
25.342917384647066
25.664047366665653
26.07557359391143
26.55416072959369
27.11723112802796
27.73292118733939
28.40163862070418
29.156090830349267
29.991733157718095
30.51464225283978
30.690879913193704
30.70405334376866
30.442908130818786
30.14517604855972
29.82185900990896
29.25443260804597
28.48830057546668
28.064750276239497
28.00455101222513
28.07784527194224
28.426866020923264
28.67553135977556
28.802677010365812
29.117857841494953
29.54182932236043
29.774962112679823
29.827148613938252
29.78759377929536
29.58335973880093
29.469030112209914
29.454708740633897
29.35261673100888
29.217303772303865
29.130886977720845
29.080678857497432
29.066015336618552
29.105154442042398
29.102082613962313
29.056560133705574
29.031816508551067
29.008108788123607
29.010252302317284
29.047281010796013
29.093919283434268
29.15877619211587
29.245528323888003
29.352783950757914
29.48677949967527
29.648791313393208
29.751055820820103
29.786954093989877
29.799577711974667
29.765007529204222
29.735915270476966
29.71587349933664
29.65780558744802
29.572589955178472
29.472429849007305
29.351733949341423
29.21125924483948
29.051821031701085
28.853443480854214
28.61449075314033
28.344290611983634
28.037299785437206
27.91919289528964
28.012580839907947
28.20666683550174
28.566042018875127
28.961913390395427
29.387798070083434
29.966205870969073
30.672863948917165
31.28502264683354
31.800005041395455
32.31023953003187
32.760062890967454
33.31451758191793
33.98466988553341
34.64239191757608
35.32457950401014
35.82088026677956
36.095224241275545
36.27207517584478
36.286316262728874
36.22736134169636
36.100557812779094
35.800606297231475
35.34182422637714
35.13012783549
35.186149102394126
35.32270096346766
35.646896749998476
35.890833892786524
36.0364260774552
36.308589140609506
36.64987625971898
36.8818966971023
37.01583448617984
37.09777150307426
37.08610648499602
37.14164249785383
37.27065595057453
37.35911594611265
37.442094215284776
37.52398932902399
37.593532804630485
37.67381796431727
37.763643188553324
37.83175980970396
37.88023079543385
37.92342851934606
37.95518104659303
37.923799983375645
37.82457463990549
37.67703079608804
37.465696934103256
37.22474529408382
36.95413424492418
36.62211318759296
36.23427190974586
35.820801978554286
35.379083663658946
34.89691287254132
34.38027227491322
33.80069060918592
33.155102770775514
32.46143432807025
31.71206456744854
31.202849071289684
30.964785697238515
30.852846483462923
30.95248918059855
31.096598334895063
31.277423293273287
31.65593771755262
32.20130624710422
32.467138099781934
32.43473366727436
32.29873288502098
31.941769184840084
31.669651496404033
31.500701307425555
31.18200267506849
30.7784244653663
30.404366753780035
30.0384420849317
29.66905273060272
29.317907078095153
28.852332393679745
28.266813766508598
27.642488344479457
26.94831500877339
26.45223946374065
26.18666237174076
26.00131567927275
25.97300519950761
25.965223416192625
25.967029161198266
26.11475190908694
26.381394723343362
26.521516092634084
26.532224334736433
26.514555443552982
26.407113989698686
26.38977356462781
26.474264353059382
26.52015926672848
26.567366744261307
26.613174164105686
26.641180139745185
26.680629302263952
26.726251856453793
26.74518469192076
26.738495160931365
26.716576465752677
26.67163888944991
26.64260052565764
26.631991377667596
26.614398396697613
26.599216084628743
26.56560282283204
26.509753383690462
26.44902490613679
26.3776149064812
26.366562364915303
26.42456780464427
26.513537802096224
26.654189784496133
26.808192743141912
26.97312309312507
27.186794913131905
27.44191034310469
27.597913196445823
27.64667787269668
27.650436287007125
27.571164959673087
27.500707596136635
27.443928686859817
27.32176748601747
27.152895232286895
27.049803423557133
27.012748413656688
27.00024796649509
27.04061768998195
27.04714368591085
27.015415947281785
27.012472073752456
27.019656028903047
27.002507426629563
26.965456024770845
26.911926381938407
26.834264998831827
26.769576088893782
26.718478965174345
26.656213586132033
26.590648984570414
26.440269022658132
26.194248559384842
25.89629949894425
25.522224745063376
25.112067039410377
24.66792116211746
24.147597504519183
23.558076497659663
23.17668416093595
23.024199485289433
22.97342644361087
23.101299846450278
23.235444713118845
23.36724409302936
23.6510067661291
24.052848675873047
24.274108068619796
24.307641614326087
24.274466904551083
24.09756277410518
23.993249502245856
23.973510879435185
23.865080083492643
23.714143041766302
23.63903410639448
23.630184083247485
23.662853883755364
23.76438465348682
23.821512955138576
23.83078864893944
23.87106236849859
23.917943232536473
23.93284688993077
23.919868332819537
23.87965909351046
23.802667766508325
23.731341398733708
23.664972924519702
23.57368928534311
23.465489364894992
23.396338817209994
23.36814134600512
23.359531980544215
23.385476829645455
23.404333720705274
23.41444169447995
23.449683827668498
23.501598464639383
23.551429616993694
23.601856517932777
23.656445184667962
23.711436020038647
23.787188528422273
23.884778474019893
23.99140465778904
24.111905669696153
24.193728522835755
24.230679202595052
24.251241413278716
24.24028346375727
24.225326505572458
24.20828468932634
24.161884131178553
24.091439296304685
24.11649205918844
24.244809362634093
24.423104743090565
24.684127196062676
24.95137342444476
25.221044543540536
25.56020647371111
25.953625050694022
26.334970539395286
26.707380007051327
27.093193370631624
27.47717740340581
27.916751745356827
28.415554585648753
28.933102694829184
29.482723051237947
29.85376037866267
30.02093471152319
30.09289712891573
30.007887890271228
29.877560915206356
29.707524618664923
29.385708193386893
28.93227894695057
28.70315029296179
28.715254748589253
28.810544357762854
29.08325338968351
29.294154167239306
29.42877677615404
29.68735037257432
30.01940726987166
30.140062645651774
30.046755298942337
29.840509474534898
29.447964225935227
29.085781458912372
28.76266560883413
28.307412441110117
27.764814141028165
27.461580864650298
27.409225142682725
27.4837004745192
27.772584110062784
28.041508354343662
28.28200291433257
28.688196561171832
29.213473614077017
29.52104489972349
29.603766940018705
29.59158055748473
29.397093609984566
29.269741145329256
29.221505656533754
29.053070901407917
28.816760185023988
28.650213554916068
28.5420362746714
28.461805559583773
28.44093846985302
28.346720337914604
28.174343918423144
28.015259355692997
27.840325495504263
27.73891216349177
27.729050330228663
27.74768499944202
27.82235826527406
27.92463223160237
28.05041556225318
28.238918178566472
28.485126005764624
28.698093714358052
28.876419886961802
29.061636421249734
29.231456757500638
29.44999861773106
29.722745984679314
29.999889695083567
30.296405447013402
30.66255507914284
31.09832231797833
31.591320486749073
32.15506448811308
32.749846357508424
33.37580876204873
34.065177955444085
34.81082665552227
35.33482279365234
35.61354709924698
35.77333065157282
35.73535280990491
35.66933890717473
35.58218413599932
35.318015880217715
34.908744654639825
34.72154393149482
34.76896525260293
34.89517714123104
35.19584468357979
35.41269060102218
35.530520936623866
35.75959255082642
36.04477489753812
36.26225168095861
36.42616316631904
36.55820624420898
36.63138323448386
36.77184987286142
36.9839354291248
37.183582013162905
37.3987810369666
37.561034244165796
37.655856550737866
37.7361852603068
37.78126568657011
37.80996250843436
37.826575475331595
37.80334982373461
37.744222269851605
37.67708731604175
37.59946746706217
37.499719813744804
37.383245001664534
37.22662220605865
37.027138310636246
36.79980008408425
36.538278190364544
36.20545479870923
35.797987614800554
35.32760926143601
34.78290973358481
34.186850602815795
33.53842785285409
32.814922974934966
32.01934616118697
31.47448337373097
31.208852187664668
31.071636653758247
31.154333504308696
31.263149634441795
31.38929366476005
31.71181758611432
32.193941738195015
32.389871919739406
32.282607053427505
32.062074679116186
31.611285946014636
31.24004603454466
30.966058393268387
30.534625634257207
30.01122003289948
29.617531011150703
29.343030165099844
29.12629492920257
29.020246100258273
28.829947179728844
28.547787741080164
28.314627170325203
28.088332634048125
27.88057294683177
27.707713594323927
27.53461821034839
27.368341668040987
27.238375487281765
27.142667691496992
27.073602277845033
27.037828849620716
26.9920089482995
26.933241696950134
26.887912279839753
26.8452213385456
26.828563441673506
26.841461212423248
26.863829717346793
26.90168156557346
26.952793752016145
27.01489013707641
27.093703230423213
27.1881774346136
27.295999533050214
27.417833996868058
27.553938035471667
27.7040191341406
27.78765092929732
27.7964909585802
27.76795739389991
27.678551775547465
27.574683810660883
27.45784942580987
27.283259887298712
27.059106118644742
26.91647329284096
26.861020783160296
26.83480905441536
26.872279068491736
26.883790023779905
26.86375252642512
26.88625493529272
26.932154397229635
26.97603137242902
27.02489370492187
27.0781547712254
27.131734255032168
27.2196551489838
27.343250026826357
27.483191500615057
27.64761394923981
27.743040796693954
27.75912508038239
27.74636760028884
27.678197259249487
27.604468973341003
27.52886141330075
27.402934587260745
27.236574330916067
27.08990421519877
26.96132146342159
26.827881757843407
26.70364285595357
26.54019799130258
26.334067175117376
26.120382649860623
25.887833040377913
25.644491041261567
25.394439122466334
25.1252899413034
24.839842784544206
24.54108776874635
24.227639424506506
23.900315383845072
23.55937782710664
23.319416907765174
23.192542897234212
23.12535101541242
23.15143269366348
23.204824653079463
23.283459955537264
23.451233582672344
23.69657047581965
23.855130547582206
23.92123889742106
23.96709593832182
23.950228242421126
23.98564691869624
24.080974403771663
24.143105460375292
24.19713786765604
24.252620823782653
24.29906402596233
24.34897123839151
24.40148182512369
24.427547771705488
24.426715968597097
24.411377582347104
24.374355234341564
24.345083510617137
24.325956457667424
24.29668818554229
24.264489212488385
24.214139821778847
24.14260097979681
24.06280655784494
23.970413568078968
23.910983338889846
23.890219816546026
23.883124031270977
23.902966852368777
23.925263840388425
23.948307875259033
23.99622957378063
24.064275920693184
24.09138609819275
24.075260015898937
24.042087498601912
23.975891911709994
23.918750434277666
23.873128738942974
23.80439163908556
23.72145796657441
23.670660934288954
23.65224648938659
23.65032499462611
23.67681881989522
23.696004048454054
23.706553814446725
23.73657369007085
23.77871932893193
23.843181546458556
23.934649769736442
24.043685377306225
24.174514455158967
24.32916721430861
24.50782886213489
24.713919863783538
24.948662275240686
25.24848224916729
25.61879492775591
26.044482834513033
26.537360666009707
27.078805478119996
27.669643780226846
28.330939698211782
29.060648136162825
29.55592428049241
29.790380945105266
29.906348450953853
29.81831424016199
29.708296739000133
29.58500409521258
29.280917289109464
28.8309253201153
28.60521835584039
28.615171016917984
28.70564129074281
28.97267789800931
29.153802076420472
29.233745622014823
29.42504345236145
29.671595301498552
29.810784635322975
29.852841005669298
29.836796948686374
29.72427154995491
29.664093503227544
29.661120442570926
29.609421851673062
29.54088057717638
29.475031831522053
29.40255524338625
29.336705676900003
29.28048260033002
29.19505030364893
29.08141443732493
28.96126607321512
28.826646876848802
28.747336842481033
28.732115340662183
28.74252689448166
28.798844022399923
28.86739634772049
28.9458882509542
29.069412067552687
29.23175070601664
29.33728601196883
29.38237611796004
29.409122833695523
29.392653292351763
29.39852138564798
29.430940800762265
29.436143723501118
29.428258104021527
29.417911859552923
29.399355872253988
29.37696869689871
29.351555633257625
29.303115731015147
29.231014307178516
29.145058459460458
29.040317734619972
29.02694035696309
29.11617605123138
29.252178318816714
29.466310594631285
29.697028321205032
29.94072362397883
30.256182318797684
30.631562609765453
31.052418761817844
31.526847386643084
32.05567865610542
32.63901563210277
33.302752382223865
34.05021850450714
34.87105808018874
35.77337826206319
36.39109712275495
36.688402970535755
36.84481449321027
36.75598598581064
36.632935032516045
36.48662010704834
36.11795581451093
35.56714018032757
35.26377366094053
35.21961569383232
35.253797336626675
35.47686146199804
35.58256085738405
35.55218390067561
35.631708065171175
35.754890859150635
35.87281793936396
36.01086806035465
36.147417620703905
36.277936060818334
36.49366700502297
36.796515281498905
37.14037432792642
37.54699162659929
37.82033683592124
37.939779444035935
38.015621921147606
37.99341932507589
37.97700489966591
37.976031416152004
37.891524003275435
37.74544552309912
37.62816605996562
37.53417195969417
37.43417222740271
37.348387657940236
37.19873164898819
36.98022256765631
36.74726988733813
36.48164134824809
36.16787416238805
35.8090237749435
35.398238569550585
34.93137628197344
34.428979306255066
33.88901669088128
33.296773100282465
32.65515197797702
32.193255683331145
31.932097451996338
31.765459251694057
31.758843154345804
31.77484588505712
31.807829756944138
31.98571195590718
32.28288296190932
32.38390186608868
32.27734546668159
32.09835933731021
31.76460570093721
31.496414683589535
31.3069199269182
31.016102589074645
30.670990541480712
30.335116741439826
29.991908756342646
29.642468547034994
29.29745697461472
28.873157632795113
28.366580734080284
27.826068271810765
27.23187922319461
26.816883899025868
26.60722681042695
26.477785193639505
26.495057913951246
26.535399294758204
26.590085054377536
26.78004310766423
27.081092229745487
27.21839739015345
27.183425494602734
27.092413246599897
26.874190085505827
26.72150533555457
26.645847292484007
26.490705787762423
26.297360864938423
26.21145747924409
26.22812096394451
26.306513914709903
26.48243928040162
26.631627494010974
26.750018164878842
26.929870814623808
27.14512614562378
27.298438717076053
27.39063988047985
27.44971257120785
27.450484216073495
27.47368373911661
27.521157983811083
27.530558145921937
27.518025415406992
27.468350392048464
27.3717548385134
27.245342018337976
27.08176822327981
26.871517054267898
26.61377230759405
26.305183286022036
25.94193018763431
25.74400879001541
25.73090682151684
25.794819864784724
25.99735084545361
26.208773243155893
26.42150021105399
26.75490745401762
27.18337037043893
27.47667651322438
27.629679213306627
27.736107472678558
27.736866114667716
27.798520671309543
27.93058835775859
28.000037608923922
28.04264573402097
28.029860931474488
27.94224041888941
27.817020871959937
27.64057651418803
27.39461777244978
27.07905012884255
26.688481904856292
26.216542901914867
25.846254886979256
25.59130544507311
25.35811235966189
25.195937221963778
24.994527349149276
24.7449875640906
24.54443365659509
24.369102888803077
24.220915949024096
24.113372528628076
24.030455217196835
23.97766075506176
23.979066914438054
24.036411360803122
24.144980838422974
24.31229358739571
24.391686274264643
24.371107279303462
24.327342043175438
24.22059301340789
24.137505397058888
24.085301876361857
23.98663853132517
23.860167260334908
23.777886718996022
23.7364646932174
23.71400501248643
23.727423963330626
23.71543514981214
23.67507787491707
23.650587453253408
23.628401395771366
23.64158100171505
23.69807641320228
23.772629124564382
23.875831071107765
23.99959581261893
24.142406679357755
24.31805877287279
24.52532411639011
24.617819077310298
24.583578822142588
24.49127667345612
24.300005778579578
24.09797881698698
23.889673775817368
23.594626597868118
23.22999164818786
23.035109304495382
23.022015802816234
23.08794085595587
23.297151256819387
23.48875497017056
23.654547017147703
23.93082149367191
24.28471596577885
24.48052808711165
24.51313928848701
24.472852309323525
24.29836117865944
24.162839858020426
24.074264308403578
23.89351776042254
23.656625659718024
23.59001364388071
23.698846427215443
23.900324382374563
24.254093302795678
24.592452293457626
24.909150402398954
25.339915525562255
25.850817340476524
26.29852092094888
26.686737094592214
27.06166402738613
27.388373380705463
27.787682020940743
28.26524518527856
28.73194951245018
29.2141586693285
29.536704682347118
29.67183618298623
29.720030178198463
29.62783826792793
29.472992879544964
29.259942633441096
28.900338283092868
28.40698671987752
28.169635249534604
28.211107206098006
28.352262574751425
28.697684107633524
28.994826929279952
29.22810213720588
29.613901454435325
30.099520057155555
30.363351472308267
30.40226470352225
30.33395727144063
30.07604748419853
29.871470382320638
29.731144474225168
29.463535024354183
29.119565173104935
28.9115276225013
28.837048785993787
28.83011046023588
28.944504113517727
29.006843802898
29.011318869198483
29.090587204455336
29.2087883056669
29.281722203328137
29.317244123012173
29.331363030146935
29.304919343314957
29.32289104901883
29.38795334169186
29.442258355757378
29.50435246597461
29.503813925507206
29.427854841578114
29.322913781899516
29.167560635185232
28.987550372167227
28.785760398581687
28.529850042624318
28.224376056137068
28.033113791630143
27.966572943500086
27.949396963470587
28.02601047218638
28.092632988612284
28.14324725288468
28.26839422625129
28.44687026040679
28.65577737492725
28.905806768973264
29.195073679988404
29.522078005482733
29.925323099263643
30.407879287382695
30.95177286879116
31.567645143080494
32.11626363788404
32.58446141241582
33.047498655390164
33.46701448061115
33.921981640872055
34.41917296228646
34.88604607953382
35.33940271133368
35.66609489539427
35.84400505581547
35.93625545615581
35.90573721950419
35.797994957242246
35.61325547354467
35.29265150819667
34.841332095158435
34.60688161667085
34.61149842026716
34.690368936765154
34.93700522112015
35.12942974795548
35.25287916547114
35.4987305320952
35.820247151561816
36.062707571340205
36.23657781064422
36.38499971703383
36.47279737308569
36.639926319584376
36.893323286126154
37.135480362930096
37.397989546445565
37.59489284831409
37.70830560660769
37.802029811637496
37.849754265735605
37.87788312282555
37.89121684173683
37.853031685959095
37.76848775084738
37.66554554606101
37.539937228151196
37.38021815544167
37.1908630930025
36.94540582321822
36.64026500732332
36.29050849407327
35.88842051828565
35.49452685719161
35.11472230088844
34.7133663225716
34.3067891878574
33.86087817392185
33.371701298413285
32.86991914744843
32.347619665033996
31.97984386713012
31.78852312074528
31.6863922420468
31.725753339285163
31.81348836127098
31.946352560831443
32.219346954415144
32.616663916379565
32.750104204142794
32.59721517625664
32.33415091141465
31.856529290967742
31.418228646341305
31.03426835631939
30.487512224166096
29.83064720326894
29.34781280123616
29.038038093621463
28.80090635268617
28.707719420167
28.5362756847583
28.276134199081508
28.098166080150026
27.954904553630037
27.80211455928522
27.655660343771515
27.504138469428362
27.340821241108237
27.235895627275475
27.19027745827069
27.164854087326436
27.17551641475592
27.162425721145627
27.117547644808184
27.081648334933178
27.0382737840892
27.012898550659543
27.009835427217386
27.002640081800024
26.997445013292946
26.964308100164462
26.896419449377245
26.811858995613587
26.700480107702454
26.573609217738156
26.4313876365486
26.258218774123783
26.055290829395126
25.988639963346905
26.071662178500308
26.225943244358543
26.497718941797707
26.7858388083829
27.084863631064945
27.486280102558702
27.9701332522421
28.285187004366893
28.419633631279595
28.47997839856565
28.39900091389419
28.34723678202306
28.333258125816116
28.213463019358617
28.022742511029133
27.90293690918426
27.848625731452525
27.814732963508384
27.83495197751524
27.787836663870856
27.66719905780705
27.560876682116707
27.441837254422182
27.37275838439263
27.369048628181996
27.381768151860978
27.43101985207293
27.50219813367623
27.592234615148453
27.726884043230733
27.903871820111355
27.927751861683873
27.78419845830918
27.56501271024111
27.216500142178614
26.85867014324251
26.498364566605737
26.028483911113792
25.473127338166712
25.078105748354606
24.85271346956961
24.695775944355347
24.67229638222266
24.61093656196601
24.503158115806354
24.490689006306717
24.538137233386873
24.5305593906979
24.47533425423348
24.40413823100122
24.290543456596858
24.239563361417115
24.256166565832828
24.266964479119814
24.29550218000178
24.327266411783555
24.353817616844893
24.399408461370452
24.45873064070084
24.522671041508513
24.593684498771385
24.67180639968928
24.75563790363891
24.785341781766583
24.754083951351284
24.688701233647087
24.571195502167356
24.436710869566266
24.285819524917105
24.08406563955711
23.83726724454275
23.683307390437957
23.630050147972526
23.61495137250801
23.675034730173635
23.7195398094407
23.743043713971513
23.822868223627072
23.940102755567704
24.016530896857912
24.054773897120633
24.079672381981137
24.072450211214274
24.09897351348727
24.162407557084293
24.214536520567016
24.269829987081035
24.311832942813773
24.333713841913976
24.353482953806044
24.36514394307593
24.366114947711903
24.357452174156204
24.334777871495348
24.297243168504792
24.248212166056604
24.18636659256578
24.10874894995125
24.015208338968108
23.902166296738937
23.768277508798295
23.614380934429217
23.438784109020485
23.4080036148785
23.53838762386517
23.750042798928565
24.090738754324242
24.463882118345815
24.86509810426522
25.38583617166877
26.00809448826453
26.5291013387957
26.943189954495793
27.336633805987752
27.65732791175141
28.049707304675103
28.52288105703432
28.960987257053127
29.39544646874865
29.701647712199485
29.852577251184606
29.927737067788353
29.886366225171656
29.770256002562228
29.581537121525947
29.260317630565243
28.811505269047004
28.52868299836118
28.428153014518116
28.37027888346923
28.43263019817951
28.424782857254804
28.33292572850937
28.317944315029397
28.338631271296695
28.331984334886375
28.312547630554665
28.282794389287286
28.23169166855717
28.236685372667075
28.300818027415307
28.37837721013002
28.487627219690335
28.5436593362049
28.535457370253162
28.517682001385545
28.466679911064357
28.42190935372944
28.388780002781257
28.327496955193084
28.247038653110263
28.22926232847494
28.27679137527567
28.357025824693675
28.49149955692234
28.623829512771895
28.751462291914873
28.921216110129084
29.121615585112757
29.252025804511913
29.30856955412377
29.33129647939468
29.293337991519742
29.265512823232214
29.25085141234965
29.19051764628617
29.098829165644496
29.021347314366558
28.954549630274183
28.885770301187794
28.825145936746964
28.729800374046786
28.597383772704866
28.457057125008056
28.298911250287386
28.308257694871983
28.506597750210734
28.79967386880809
29.2416145722031
29.732809130540016
30.26840337149598
30.94745325336379
31.751911913634167
32.37795546946879
32.81160338211288
33.18728810666613
33.424749124030136
33.72923594824645
34.11319684447661
34.40545204055249
34.6494102254688
34.87210965278655
35.053607209470734
35.20904912419531
35.3382076057213
35.37990290379932
35.33104247702857
35.21836208609541
35.02566410164418
34.94795212933369
35.003423556244385
35.085641763753245
35.24802897320128
35.38080722063814
35.47410190210884
35.6285885346866
35.82063684891481
35.98545987882117
36.130720836777414
36.2720493785175
36.3961498782922
36.56625783551745
36.7860395471125
37.0144061998804
37.266360317002174
37.46806108419316
37.60909795433813
37.73600530199527
37.82759588512101
37.91782497974815
38.01068883206815
38.07074852539759
38.10519330457002
38.06308388591149
37.93351214447586
37.74425494491314
37.47798038150275
37.15440072709325
36.77295621338915
36.306534163148406
35.75676123816529
35.30858492182625
34.97433263346002
34.66550298036009
34.43201325634544
34.156611588315315
33.83142013046747
33.558032892866756
33.31179354673667
33.06938136874559
32.842492262370584
32.62670672633083
32.42055926716251
32.264747698264635
32.16192258884642
32.09295586048776
32.06874824443282
32.006751595612016
31.89943815420196
31.79562904407912
31.67338341118486
31.578595580368265
31.516835472145342
31.44708436568495
31.380171734558918
31.16741252863746
30.78841958888278
30.32031730065047
29.718173716145834
29.057974646217705
28.342628988815378
27.49241112166972
26.52003884460458
25.876876135248885
25.594387940951634
25.465456008162647
25.61400572971387
25.754983994813394
25.873030557704848
26.21947138854569
26.73709145752807
27.06211347419229
27.1943112175733
27.27089823152124
27.20111201370411
27.26525658103752
27.478929492961228
27.62685730548025
27.77029359352728
27.855301273064125
27.85154605758079
27.826765425305968
27.75830667093948
27.62277043241215
27.422449524489018
27.1462958309381
26.786868763734507
26.585270053594193
26.559076919103354
26.5859920140172
26.730795491093392
26.84854128946621
26.927731507362886
27.096086120815425
27.322482301186493
27.43855165426086
27.44454001477705
27.399442375796138
27.260772758723697
27.15815833024371
27.097283946432924
26.977450778573942
26.825972588156848
26.69919289867759
26.59048094544443
26.491567063544704
26.414892359920394
26.301148694492525
26.1487003619821
25.997052537228914
25.833261045183505
25.740987415624137
25.732475824319323
25.759105572795555
25.845746640671898
25.954447669110966
26.0824001178937
26.27115921666
26.513890233856195
26.680938372146247
26.766596830405085
26.82898356148615
26.8341128607342
26.869209828745156
26.939922762366503
26.973827648769017
26.989615018022686
26.91759882117278
26.741193830318103
26.505168136966887
26.18596710742046
25.804523778932815
25.3613639036142
24.823034226216
24.19118433724322
23.782849840215583
23.62223716700857
23.55844549260839
23.67882710851271
23.788493906091183
23.87595594368011
24.115234282016715
24.466994289589753
24.661817495925572
24.69786376089905
24.67849871440637
24.535867731723997
24.473676298349197
24.503126141591565
24.46581031676471
24.405878506143157
24.35674747992161
24.303081732656032
24.259451404086636
24.23002203727732
24.155121212338166
24.03436742486529
23.89958101323996
23.737259159899878
23.61862163523383
23.55221364139283
23.493748240207427
23.4629133046333
23.426042447604903
23.37885914806361
23.354924792547273
23.346709159503632
23.35572739535366
23.387065872968833
23.435343900522717
23.50298752596382
23.597390192969442
23.719419997582275
23.8685822472372
24.047508326405655
24.18811499829704
24.284796174291852
24.372466959201027
24.432531545868706
24.505572543431487
24.594705404836468
24.663614576217352
24.72087645694585
24.73354074889484
24.69305548040415
24.620083316597864
24.50301782357786
24.35100813138328
24.163783792456435
23.925138608887668
23.63528479545614
23.53973945336279
23.659332960986088
23.877226289423184
24.26220838910429
24.666646712589333
25.082735172350276
25.645394244300345
26.325778034447847
26.83248915803359
27.156599763235434
27.41890562029581
27.543616081779096
27.73739188392896
28.01177998966501
28.19906681890682
28.3431055931788
28.481982241516786
28.59807595907174
28.702194345680862
28.798109440117766
28.819477114162048
28.763843303791766
28.66474276111747
28.505776000418244
28.454281852459523
28.527433090472687
28.632567409736144
28.816164702928265
28.98756526922892
29.138722742698302
29.35520400949018
29.6179141769855
29.768583125138548
29.803680952303118
29.785922774424296
29.674440333392077
29.582731731864456
29.51661496282932
29.384591144856287
29.210543351446695
29.09132574594688
29.025109625096277
28.98209570570393
28.986462753464195
28.958161563664564
28.894292664683114
28.855312695475007
28.82443046021836
28.801840258038776
28.794824460973683
28.792094429910133
28.795923735380136
28.822593646242936
28.872242578682126
28.939628670101158
29.028966624767293
29.112725474913788
29.189009992499923
29.274783431370725
29.363175891827968
29.46979588196849
29.597006884257887
29.73170836189172
29.877965674490987
29.925909565053523
29.862980571805767
29.743769117108418
29.536074011654083
29.300526610287967
29.039750118158832
28.694009300946014
28.2741917349309
28.12957681255736
28.28567679478162
28.583754520226485
29.120577354576913
29.677172975500298
30.242802275631803
31.01262156399373
31.94357171911585
32.6538070298661
33.133758805447286
33.53820264377761
33.76843413933385
34.100397493154745
34.54921250954609
34.89330867133412
35.19142962369444
35.436075481838714
35.598470525066965
35.72081235207913
35.79162941190286
35.75665879717675
35.614295217949476
35.37736965881416
35.030526068596075
34.86132709536515
34.8941421960149
34.978557679683135
35.19301259353796
35.370053367052385
35.49607467415574
35.722211162938926
36.01285783299647
36.22643456179006
36.369864596865796
36.48740543792152
36.54617673991919
36.66718505602553
36.85687614427068
37.02871078157797
37.20991591449914
37.350028993546125
37.43538613751517
37.509670242885036
37.55667050916423
37.58483443024902
37.59742076249559
37.5755785168663
37.520851721788574
37.458460514027294
37.38673921244816
37.29362250582347
37.184069712538154
37.03824818439244
36.85348119829016
36.64268762053902
36.40033098768212
36.116815007361915
35.79149794537564
35.42386645457329
35.010552995968396
34.558271079897324
34.06561748484788
33.52542285721488
32.93787875444289
32.514454450594215
32.274948803810915
32.119470360317095
32.10840481761855
32.11681833680048
32.13915892482763
32.29234350895773
32.55294442910406
32.63967237540047
32.54277958705403
32.38240830138204
32.08531991485934
31.848611032685717
31.68407849661392
31.431143730437874
31.131969290091785
30.76692010559612
30.313484364482008
29.808569419664302
29.239562192452656
28.575599607372503
27.81563688393952
26.960694111459404
26.001035854527714
25.393613104284928
25.18014638057099
25.135904365341293
25.389384225410165
25.67416469092543
25.974937898565376
26.538977175945796
27.31412114430088
27.764825454399737
27.87493059974573
27.867136949683424
27.602405377133405
27.460043592632694
27.461572250818747
27.299426663246997
27.054311982606635
26.90437967174891
26.828641579110528
26.7966830216028
26.847129010116305
26.796711433095936
26.63909141244364
26.495774402848195
26.32597877021524
26.234779594797956
26.24355259839131
26.27256400686495
26.353420323269866
26.45517616129659
26.571271686332842
26.745006076239797
26.9698613252697
27.102788962288233
27.13720122276364
27.137381275952237
27.0657300600992
27.015638913186002
26.99302028567179
26.919149323922447
26.81378352521185
26.734657793914874
26.67715433853272
26.626865704149893
26.596792311892358
26.5329011795424
26.43278807875972
26.333644649988777
26.223356920878036
26.215533852738048
26.325290803702917
26.490487713730047
26.744686019251564
27.031699540679604
27.348136535766777
27.752623038131862
28.23502946750262
28.480358112932084
28.466710943267604
28.337366686475203
28.005687082654443
27.67042223865128
27.341833246991023
26.844269228478623
26.217313247098744
25.76200727234016
25.48307411231743
25.262192059050026
25.17620963139612
25.001945676767292
24.72725722474105
24.52834724551015
24.357307216175084
24.20124758453035
24.080425640101943
23.968713915995654
23.869154122615726
23.83502379151773
23.867138577277117
23.944181399640296
24.079520064856688
24.13420702832482
24.095617373810896
24.041095978314573
23.933011079071427
23.848591760706473
23.79545739318169
23.70310588398053
23.588575802302575
23.535862045669983
23.543886047287998
23.584339891840596
23.678058781771387
23.759355651908113
23.825355588780486
23.92633978623741
24.048361838440645
24.131625452395742
24.1760050785027
24.200071155164288
24.188235085412284
24.18805086513387
24.200730211803155
24.188857040998876
24.161904157024292
24.142719747173174
24.128609980141796
24.11466899921592
24.105705502304772
24.07767710448701
24.029350481999284
23.97625349272694
23.912752687978102
23.86272787018528
23.829726568355216
23.79811410631174
23.774749224062145
23.749218554031444
23.720135977390008
23.698656377596038
23.682529495468597
23.67597127149444
23.681200071203
23.69498691167401
23.719344687683126
23.754753407074503
23.801606053122175
23.861934416993527
23.936399113861498
24.006624958900414
24.07168581070957
24.1412821519698
24.210756081541536
24.292087133192723
24.386532490203884
24.484371161835945
24.588468380941073
24.81317379937344
25.16922053741281
25.605298226931595
26.154480668865183
26.749302226684804
27.38777072724579
28.133929910287023
28.975817093889486
29.55873775338874
29.857247649727512
30.032112056295837
29.985241484627828
29.94047348683702
29.908866397332517
29.691779951626664
29.333401752839205
29.14664310266571
29.133657395713765
29.172746200089072
29.34248899364719
29.405611558628312
29.348441368120287
29.354787819626342
29.37277617602279
29.341670996030413
29.2766076919385
29.17008215105475
29.010517354805344
28.878967860734136
28.775763539474664
28.651594603404867
28.523796001899587
28.43732258345681
28.392860479800145
28.382300389690286
28.418616762823593
28.46319369298694
28.51721113795086
28.612500536768387
28.742767288068876
28.822556755322285
28.848473438339944
28.857971945316095
28.828691271647244
28.82114212356975
28.839158382294155
28.83358685367505
28.817513606705088
28.831545058018488
28.873701618358478
28.93373889142963
29.021475001994517
29.101024759689462
29.17132702245579
29.258540350764907
29.35512946975448
29.39594600283607
29.377281337443407
29.32446910653346
29.219365712936913
29.10632794605545
28.986515076442174
28.821372378576548
28.619210443102975
28.55177950868762
28.630727535168223
28.780056873278905
29.047186854635182
29.32178505642467
29.59874018065365
29.97519264481131
30.42943318708945
30.887086006625694
31.35514962157429
31.856319478592543
32.375044588004904
32.98250614778951
33.68385505093698
34.432585075063116
35.24611472769806
35.790435110247635
36.02828153646291
36.130062683090046
35.99909880659996
35.81795550813385
35.59641046626478
35.155866462246806
34.53032210846993
34.216337190376365
34.23472507946357
34.368907700712384
34.74942877300419
35.03691136422994
35.21103256590552
35.552736637450494
35.99008065508125
36.299513639426976
36.49492988900468
36.634440279183636
36.66588256106515
36.79190011031226
37.02055438133124
37.20841261815711
37.39979849630728
37.554777872781656
37.654623690354306
37.74990440623456
37.8259724127103
37.86974352740233
37.88485187396497
37.864313292616906
37.80513456888566
37.72894296112526
37.634463935119165
37.50787468640086
37.35295935403136
37.15515832356016
36.91119199172526
36.63000106879971
36.30672204046805
35.95635634652969
35.58003339705231
35.165838885578886
34.71717830833554
34.22489124533065
33.68668425261621
33.10925990587782
32.48958508308824
32.02117042176278
31.723980521729214
31.50462254670176
31.419055673169076
31.356544548265383
31.312306075696625
31.392517337091576
31.576866129108232
31.613951315643824
31.49589873178209
31.331068665649305
31.054612334652067
30.843843489955432
30.710086261182727
30.510270049033196
30.282922112527647
30.04327296643915
29.77521959984854
29.497598229039347
29.20921161853888
28.864834776331026
28.463677057340288
28.02514729417731
27.538041004834948
27.16844925558728
26.93249013853355
26.74233509278115
26.644248714974587
26.54571306633175
26.439676207061787
26.412809689033224
26.446167901643086
26.43628757508715
26.385721161220793
26.332078092070986
26.250768003214155
26.22513112375794
26.260396805110595
26.295332703056488
26.34888394979829
26.428482058582127
26.52874746125295
26.660186718855837
26.823770909284317
27.001071945388585
27.19344893791337
27.411092276760947
27.650697272085054
27.799466279365642
27.846827418688925
27.84341939522148
27.756606721858184
27.654642197157862
27.539667860328706
27.347707615639965
27.09105772802536
26.9421624820097
26.90792296595721
26.913175772460466
27.00309699022932
27.058405278506903
27.071804663183837
27.14129081581533
27.241381046516878
27.290353703689206
27.29243868050485
27.269174505353487
27.20107624841367
27.160646517918227
27.150476420809632
27.118277088690384
27.079601887411467
27.062130231912015
27.063021655572314
27.08021443780425
27.120362399963692
27.154010911844868
27.181213598553047
27.222503627248503
27.272062209329164
27.254773801723314
27.1653548574518
27.035173197427067
26.843088917037292
26.63825543322238
26.42223841087513
26.151377889881083
25.834899504509632
25.56471561945528
25.343363717010007
25.13256491760039
24.956053767413902
24.747646987302662
24.503439314661456
24.276525279264177
24.05265447927551
23.885905126338773
23.788441970814205
23.725466207036362
23.714860051235885
23.739449258162114
23.79845519647644
23.917680613301336
24.095338508976493
24.156675000710077
24.089891155333206
23.978107041728155
23.774007200904475
23.58749732729731
23.42569660792215
23.192754301032423
22.911542562369764
22.77387134391225
22.78594745670346
22.8720686865707
23.08288281398989
23.28245163930546
23.464702160442144
23.74144858871547
24.084903626073842
24.30190644331206
24.387837550123745
24.415863423091857
24.335375239724915
24.28834321191211
24.280844590231133
24.19823079486013
24.06969499283573
24.009778751512872
24.01501546494179
24.050191142977578
24.143202803550615
24.196508686678037
24.205933984068896
24.243284402671605
24.287469816283174
24.313793988859842
24.327652870910622
24.32584544795634
24.303216466761885
24.29233172602818
24.292952636918894
24.284539062673147
24.27374593312515
24.274648898294487
24.286714992227346
24.308024306054396
24.342332913879137
24.37569630875839
24.40825787184615
24.450448577989178
24.4996819403943
24.57747064538629
24.687488806893484
24.818223737474405
24.976506282275214
25.15342386127571
25.348891935824067
25.573934505677038
25.82745021478594
26.125716114846853
26.47287042595027
26.861581530395682
27.297973820060633
27.776970864343344
28.29967519494258
28.8751860910317
29.50392555375824
29.91530303308494
30.084312129532155
30.139391989403627
30.00355612532353
29.83651464533217
29.645705939271355
29.282066486184952
28.775790217114636
28.480360450765072
28.407877098254218
28.40800785438723
28.57280398907206
28.654312322555434
28.63786353142986
28.72545643259804
28.864141787627567
28.930708149513045
28.938307920858037
28.909780861543837
28.81795366088524
28.7864246824904
28.819435196280327
28.83389825677427
28.857129003504298
28.889937210521673
28.924854602437783
28.98177264150532
29.05996321310766
29.138676737279972
29.22060285818496
29.31600708452684
29.421621417303502
29.48210104324322
29.492891006892524
29.47807747928491
29.421854265659526
29.360512698444953
29.2953258177677
29.193840370115637
29.062903127369495
28.97367992975825
28.92834870427194
28.897134064281563
28.8985070542962
28.88170944191895
28.843792431212336
28.82576646819519
28.8167710585316
28.79779214082946
28.77205591219259
28.741274059156293
28.701625270049618
28.674734587298854
28.661277425048915
28.64763256095224
28.638678288427908
28.740712890008968
28.96366716671459
29.261632827052228
29.665614422864603
30.111655588264313
30.598424851157503
31.186575025511942
31.86506120695919
32.4400411227021
32.90222917303968
33.33790180765946
33.69571724339136
34.10687790281532
34.57940045290726
35.00380227338546
35.4078577679609
35.71982248931509
35.917785448981235
36.05307314679844
36.09960855260644
36.069242407267375
35.96172319490042
35.74489249633039
35.41742412693138
35.25047415741309
35.2621571404563
35.31966017603971
35.49570607624279
35.620263292082065
35.68085442454206
35.82460416890092
36.01515139105805
36.17677103273869
36.32165980200509
36.46208010614202
36.583318994426705
36.76730582254882
37.01808596192321
37.28459148319247
37.58619677386824
37.8074419587661
37.93334194327522
38.03353818399881
38.0751300306612
38.11389762610684
38.1556796867594
38.14387090314846
38.09012084907264
37.99739697452422
37.85702632463791
37.67404754181445
37.44540173875182
37.15405935145208
36.797538486022034
36.379398029709996
35.89366728686563
35.418375088004396
34.95903271039077
34.472397852610214
33.978793589059194
33.43061431235528
32.8226646988301
32.19532531049699
31.537359796405468
31.09549702407364
30.899821970447537
30.82690092626468
30.94993579506637
31.13661147645444
31.38178973509861
31.819066442665665
32.42548407228664
32.71341680277103
32.65684788582058
32.475316646123694
32.03863248465171
31.669742849540338
31.38807290586715
30.92020362084011
30.333744393450456
29.844548934289737
29.437530402969312
29.054123629427927
28.74340371667516
28.307726304046884
27.73760139841337
27.170318812980614
26.56136921893387
26.14238969179303
25.94994341760412
25.84251861031686
25.88938374534764
25.990246176426435
26.136243264625612
26.440191212140597
26.883678359367714
27.155076865079867
27.24307345996501
27.286515204463583
27.204909584681605
27.211239533787154
27.319979045811504
27.357187461474023
27.369305000577636
27.38393540490603
27.38224085481855
27.382550527295738
27.38589284526524
27.332344924932112
27.22060446639147
27.078905456295285
26.89263614660488
26.821454570575973
26.881327379825038
26.98469153356435
27.1757898723862
27.367652243536714
27.552712249564756
27.81275229970598
28.12949458365598
28.306422260657396
28.335494288061653
28.29779228071587
28.141065994917405
27.999746129475284
27.880262393130533
27.67009068711873
27.396651758916786
27.185210193824027
27.033004882974403
26.898153222072228
26.81119698663612
26.668748928599413
26.46570128396315
26.278802878798114
26.085420917522452
25.98155520376324
25.98549006818247
26.036371823864226
26.164274303532174
26.3335212660664
26.541349895829132
26.83359627034096
27.20477045424169
27.41153977300884
27.43846726338059
27.39894692548085
27.227281719770605
27.078296623356362
26.961582425924163
26.742906234662858
26.454363990123284
26.1912873515552
25.94455156847798
25.68913781396912
25.44550610868824
25.12220937744675
24.714060450574756
24.28191130456596
23.804335837815174
23.490273530038046
23.365855516186926
23.316568941379042
23.40320138951032
23.519038398020932
23.656819070275724
23.92453315517778
24.301992772301414
24.526265105371024
24.58875482284527
24.60314538005275
24.501492978349162
24.466968239945455
24.511194189146277
24.485446598528725
24.42934312050096
24.427840570379352
24.471061431666868
24.54575701191668
24.670602935024675
24.75873310576896
24.807683847820613
24.875643413957576
24.94366878060397
24.95318686318728
24.903586991527593
24.80835805576663
24.651225280413914
24.48032348713895
24.29508394215198
24.05623263266317
23.772167167683776
23.595254360094415
23.53491521656401
23.52388725593752
23.603781217101663
23.673968818631348
23.729374623457026
23.856791029262517
24.035921190435797
24.161247379982274
24.234464772562507
24.292988761585956
24.311081160605003
24.37392114154481
24.48617879182819
24.584266131895582
24.687030314708743
24.726412839507233
24.688520921512072
24.61859831545506
24.495139052586907
24.34146317710984
24.1597679486534
23.918390079560645
23.62088107645329
23.504201770247626
23.585980499826025
23.755475610454873
24.078028995069236
24.40735646325854
24.735389200226223
25.192745085264015
25.75020547631789
26.20567877134147
26.557996928068814
26.885135888535938
27.136377323893637
27.46505259822061
27.879854881633403
28.262020725039147
28.644996131809453
28.895263236613346
28.985212983237243
29.0003346265508
28.89773666997913
28.72375954145191
28.481440539583925
28.107061687042435
27.606833056768956
27.340593036677095
27.331173957639074
27.40908856155893
27.671218356835308
27.88877974655112
28.0469476234367
28.34358412527268
28.73082914315596
29.007649935870685
29.180922664457437
29.315053277125077
29.361954290285478
29.49032726748112
29.708508370035567
29.893147513224655
30.081450956174763
30.185619218205524
30.183589648604535
30.143059185279686
30.035475982998427
29.88062787532553
29.682257640152983
29.40394552690173
29.04831918471414
28.837382697647243
28.785433764294368
28.787289190157495
28.902722048294923
28.992463590602487
29.0473982775796
29.188673791073736
29.387213042956056
29.501980198742903
29.535465740419347
29.535744214104753
29.468253102192023
29.446639521719277
29.47649998709784
29.472524787584955
29.459439638974448
29.43057503701678
29.37565435174009
29.315053732897088
29.244274446012724
29.145475823476104
29.019503303650875
28.870507017340852
28.694180875141345
28.651449907672674
28.757626441707
28.933325010751272
29.224086754596584
29.538097969120944
29.870299801699804
30.307244667005993
30.831275839345395
31.330369919856278
31.8069915833271
32.30457648914612
32.796740070197835
33.37358270734387
34.04163788225025
34.735269521144595
35.47552854298011
36.00417639932161
36.288512414608086
36.465244017376094
36.458264064289175
36.4010784160263
36.30089700162845
36.02162990057596
35.58736012612299
35.36676141278943
35.373643626056676
35.445385982682815
35.67773350990441
35.816584936966606
35.84537362669272
35.97177760874238
36.14079404003916
36.272867461063704
36.385979691309046
36.4806670647804
36.54237623862236
36.66998980546264
36.86636337954772
37.07212168438095
37.30987217856909
37.484407336997066
37.58228370088947
37.665974204198534
37.70855384972778
37.75139474753216
37.80031914284706
37.81155072497665
37.79428021674576
37.74848241794075
37.66737476892324
37.55638939577685
37.412632817436354
37.22519280766335
36.99250889904015
36.715877799849046
36.39134644711827
36.05135687464565
35.69728607732297
35.30935403353823
34.89523588925722
34.43399748206294
33.922371805161305
33.3763743873
32.790266545082964
32.37635500392352
32.15756569403692
32.02976138585426
32.05463653581204
32.11282995220364
32.199061577106136
32.42912405194276
32.781253728386815
32.91827062144635
32.82531998303489
32.65045759980182
32.30479141943966
32.017891428214575
31.80357072388418
31.471190363701282
31.06936505148626
30.686402386323717
30.30623486547545
29.918829830149416
29.54101813108723
29.071471793364417
28.505804537581426
27.906155694188165
27.248747584052524
26.784425019314767
26.542689577759486
26.38709107028776
26.389737452265525
26.419867355007796
26.46819753275406
26.664413830251405
26.983178085451456
27.169722894364867
27.21935386280325
27.238734172859868
27.16347765910971
27.177763031205416
27.29355471692563
27.365456771231646
27.43407080258819
27.483518288400226
27.495053835017274
27.50421227636405
27.50137016343643
27.459510209298724
27.37947651149866
27.2644113152088
27.107092083508032
27.00376781977281
26.96114729410716
26.926607799538658
26.925247304480656
26.900382112980537
26.846027432235395
26.811157707867427
26.78264201424413
26.749649394243008
26.717049563001147
26.680691660858525
26.639281135410588
26.61018305615301
26.59350522351692
26.579982381508408
26.573537766609125
26.590200273909588
26.63126120563856
26.692420942722602
26.77865373941664
26.878721908531066
26.99315806402999
27.13252367084303
27.29528360266465
27.393087939948753
27.41895663885803
27.414016707151095
27.353646890082164
27.29261076693487
27.233727646768383
27.127799355164726
26.98561129333001
26.831566973641227
26.660647573151934
26.467362979217928
26.25563274647281
25.997041042141653
25.689126298057342
25.347930300236662
24.965903308598822
24.655278234915844
24.427691779324498
24.223870699724976
24.075511174265298
23.920147619610397
23.75332292564063
23.634223958216282
23.550322596689334
23.479247713921175
23.427962239614434
23.400115799935456
23.39319858173746
23.436931349569814
23.534286751540233
23.670325244025435
23.853432697139556
23.972494291418663
24.016798234390187
24.046298732077542
24.030249554501818
24.03169837719586
24.05593772921026
24.044860184166698
24.011788549605942
23.992072440303975
23.98087952398606
23.96970772592453
23.965462616622574
23.932398670414223
23.86816590035491
23.795248432752057
23.704902938087564
23.66234266469142
23.675497491452948
23.706635750391488
23.774301812309236
23.84523988925774
23.916375538506983
24.02057987694765
24.150999885971753
24.21185111343549
24.198452483695977
24.15180109352412
24.046241733265255
23.945637111702002
23.853222708374176
23.714779899744634
23.543321566587526
23.466840911880947
23.490861884384707
23.563388912770925
23.7187513278277
23.868428854855882
24.008546222379252
24.213350019195197
24.465000736085113
24.565333191601226
24.50444087478028
24.364307243270378
24.091268357534585
23.819987979226674
23.556280896753034
23.185680306215954
22.73505667907679
22.57400158080379
22.724015328493042
23.02800146756847
23.587045661805124
24.15646275267481
24.7256058949195
25.50605375186333
26.44947033720923
27.071427810934722
27.35340356221899
27.494426852894946
27.36620048147531
27.308025265422994
27.336676342983836
27.171770530804203
26.883367066642123
26.864993968086896
27.119172913626798
27.505613680416
28.125014177081304
28.674524179664463
29.141133762409392
29.761979191579357
30.473660588118673
30.903753086050592
31.043737495302956
31.02626458590604
30.75266026409545
30.500441726844908
30.278745030885162
29.862388731957786
29.30677505863746
28.944472264964485
28.778513660800733
28.686713700726344
28.75413784500934
28.724895212953292
28.586999932677298
28.540453801526372
28.53108274387611
28.53628548750995
28.578434629635836
28.632169148693574
28.69880143613565
28.844622947791045
29.07111506590056
29.349409200819625
29.69604947808706
29.889467076614974
29.908254956270717
29.871060892748318
29.71644714765912
29.5675876598674
29.43444484745165
29.202057815515868
28.896028512004936
28.679882564406547
28.553238218362505
28.45457391458023
28.424424551695655
28.33782948122682
28.187755864509004
28.070116758852734
27.957557304463105
27.86771227768961
27.81339815685124
27.767336362212127
27.737721109759377
27.738552098880195
27.76887526615844
27.83005459553248
27.9259934965812
28.067450817052826
28.258099255956378
28.497373765395196
28.790510792592837
29.13325113681008
29.528153226255842
29.983785040598715
30.50153281917378
31.019783965135666
31.535510243847728
32.08077101442517
32.6399060198599
33.254244911883625
33.92797115120599
34.6278476948133
35.36372169474337
35.884044437206576
36.159401418531004
36.31470916168184
36.27588377939957
36.17979527292945
36.031994816109446
35.69608546294129
35.196210084760565
34.938841668190136
34.94155245509778
35.02376941753032
35.29214988201074
35.469794026782075
35.5391454084083
35.72916216390949
35.98056892968543
36.174524947627866
36.32846013287019
36.45920438439384
36.542341398955756
36.705821510386876
36.954415940670486
37.20610249883011
37.489956745187726
37.69599346797006
37.80666741747489
37.895911441255805
37.931789654350155
37.9586094597189
37.98266588324339
37.953940083629774
37.88184341257055
37.78632550262101
37.66105491365269
37.50159093111735
37.309898928562944
37.06131648058319
36.752888051613496
36.396575104254865
35.985090000732086
35.566860393716816
35.145936684868886
34.69250194769323
34.21905728566089
33.69766318388375
33.12438922898732
32.52311787011202
31.886797158815757
31.459639409216585
31.269283649418266
31.196163195869403
31.31196898272418
31.481462388332304
31.699315596594083
32.09885411006229
32.656094207442294
32.92912499396827
32.89596533119647
32.753543930278006
32.384431084503824
32.08467702025715
31.872054327191254
31.49784446641851
31.024292776083485
30.583316196054604
30.154987134050455
29.717016027489713
29.295640267458854
28.74836553399605
28.068314583005083
27.34515050839186
26.545383863323657
26.039070702992163
25.870056565436332
25.838497930882028
26.05117849715301
26.314831145245094
26.61637860795586
27.148036896220397
27.872787823503174
28.303292224679346
28.421635153926307
28.43793776834493
28.225094450846964
28.119569268529002
28.14166680934206
28.01535923863586
27.812425494868766
27.680785368753817
27.600045576841325
27.54794526223356
27.555390285635568
27.465068254504338
27.271225897550554
27.075692007062063
26.84292520028728
26.719087166367206
26.727274422413824
26.771870638778637
26.895604449125784
27.038348627854567
27.192503288651242
27.425779608287286
27.725898411117665
27.907946710241877
27.96454724994502
27.976215364947006
27.894554653874625
27.84411011512337
27.83236344032925
27.755849562138913
27.64092367878377
27.54178709774515
27.450347926004696
27.3581922523144
27.276267516499107
27.14596654141238
26.964766178215772
26.769847703330583
26.54764967736947
26.383095719549086
26.28751464503495
26.21049997680569
26.176541740319838
26.145074416003595
26.112260245797145
26.12002134885792
26.160222395745805
26.136724282509448
26.04658390904918
25.930630273466363
25.764023538469942
25.61367489685647
25.483631402691167
25.31948036239303
25.135570873244607
24.98746454929752
24.873974786747816
24.77860852184517
24.715249513846445
24.6379084640205
24.545085219836047
24.471567251469086
24.407807526667753
24.34948355932241
24.300402510818806
24.256303706522303
24.217267299090423
24.195363213979693
24.19085854767576
24.19831638700275
24.220721579218903
24.239960710021226
24.25435764782787
24.27506832136189
24.297337299740164
24.330779986785316
24.376728693606385
24.426520433767383
24.482504008512876
24.486388073982898
24.4311414934695
24.345720339081915
24.212838612181432
24.064058618427197
23.900575900492303
23.690681421452553
23.43985868061677
23.286039087632325
23.237700692530378
23.232397471947355
23.307511552038974
23.37369577861088
23.425932954803248
23.54142150119439
23.701882761798025
23.84171264184388
23.965175035219083
24.091994524559045
24.207375015322953
24.370483908691806
24.584706221486908
24.80908357038038
25.057260399515854
25.218861702432818
25.278965533447668
25.299599758044778
25.24827998853008
25.1790734781541
25.095745541342808
24.94190890669507
24.727591340763688
24.58480470893518
24.51719965392616
24.46729335663665
24.468772794497298
24.42874684228901
24.34089733791196
24.279660969971026
24.224567934458584
24.198231206984936
24.211910151024195
24.240967494672507
24.294695523913013
24.37867058051064
24.49236771914724
24.642419845832965
24.831203224635576
25.057229352183757
25.32353822062987
25.634368010464648
25.99158020440206
26.39975884022544
26.861767072134477
27.378747768355247
27.953824047522303
28.40377650149348
28.711979850887793
28.968327379970074
29.121297475400194
29.279586077711397
29.449468412837792
29.530912701727072
29.54534629659971
29.559092240763004
29.563404184563097
29.538840675784673
29.498017134333196
29.37370398421781
29.160315937673225
28.899295535242807
28.573429631283062
28.363259284984483
28.288928097358358
28.25120050503545
28.30124307144773
28.341892557743545
28.365397453729873
28.465340091528798
28.622008599932233
28.701796037356207
28.705623019676022
28.68515410025752
28.60781729427565
28.576400053985527
28.597451987126313
28.59321938603503
28.58679216960255
28.5610989674618
28.506024601432852
28.446181011888026
28.374602122566994
28.282520894829187
28.17150608611255
28.03927857390462
27.883716820193314
27.824597005919607
27.872470220797446
27.968907199868724
28.147439194498652
28.33851347994818
28.538177054982075
28.81093719986401
29.143195743804547
29.345134116828977
29.407386167610294
29.411487899070664
29.306575791045432
29.220299715919253
29.15924892376521
29.01546592555282
28.815092679487456
28.770698650919197
28.889069164429333
29.086728163462357
29.419831543067616
29.73652118954182
30.030071118388555
30.425033178265863
30.890342847366217
31.354358937553528
31.826646915938593
32.3215046878422
32.824318267660665
33.411089939631516
34.08576183506886
34.799943291796254
35.5715660045673
36.089035292826416
36.31710165449685
36.415791980927395
36.29482331402706
36.12258539626777
35.908223225268245
35.4859775497917
34.88712216130324
34.572430277136625
34.56105261801919
34.651715389736665
34.96541743896346
35.18713758267455
35.29783610238042
35.55802894608431
35.90080077603612
36.15629786945007
36.34113313720272
36.491423013971975
36.56959783713164
36.741920185193464
37.01497985363895
37.27640601724015
37.56333814783621
37.768811749406694
37.87175533100047
37.94996262570092
37.971102986245945
37.96958169377715
37.95137106806912
37.87051360982983
37.73385662514407
37.60184242844421
37.47197050987628
37.31846037033254
37.15451553805153
36.93262257192168
36.648068726923796
36.334028806770164
35.978498366143036
35.59420814434626
35.18471856069103
34.734169716476735
34.24598151736932
33.71848811454316
33.149179868657356
32.54117310189301
31.893046905036478
31.44816391955056
31.231522850764634
31.127724189287648
31.207402434679995
31.33038113799873
31.49127012413001
31.82459006899672
32.305009887656276
32.48393325375561
32.3382551005276
32.06664889224949
31.549284682414637
31.08586071407436
30.69359424997725
30.119360007330588
29.425546726639336
28.893781330618673
28.51836521077497
28.206475147656903
28.02723915150095
27.750294754673416
27.36503548591203
27.043851115774252
26.736945745402288
26.525409643169734
26.437097327254943
26.3995548842658
26.44168517156268
26.56139312146017
26.755888267393576
27.05413532305071
27.45826554884255
27.680812837848006
27.701406464587105
27.660383728858143
27.479967774839007
27.33655760611731
27.242412126985165
27.042303029825604
26.773187800808316
26.597173193628045
26.50900899376867
26.455559190083545
26.475569202469305
26.434291234401204
26.324794613706448
26.24579429612361
26.167452178827528
26.117284384122172
26.108499508419463
26.1067816610087
26.12248414947493
26.164030007275166
26.229164972489837
26.323406449838963
26.448877571245657
26.51999111692794
26.53059359411395
26.523462681658135
26.475562308142678
26.437863590496576
26.414200979626255
26.359342439595515
26.28406882100357
26.281766653495353
26.355675175487118
26.468802866823058
26.645902408616802
26.821481459932205
26.992680241646948
27.213743031450765
27.471374851624905
27.668094447629414
27.801382105988377
27.90872424428835
27.964564306253205
28.04008141021362
28.138434240690536
28.20200791951721
28.24548046072704
28.208029302761556
28.07573600597626
27.886265058020797
27.619155316895338
27.293187810269323
26.908559540192524
26.435851067941346
25.876477849307683
25.46067988000231
25.20471336900413
24.998483868410272
24.904632283004105
24.779367756013052
24.613456228352053
24.53310516407677
24.508553094698154
24.4518794636781
24.372066671070662
24.292271073466647
24.193947701355267
24.162161202101696
24.202004599854334
24.257504401581024
24.348831482991777
24.39046711811321
24.36963338934061
24.34239233512371
24.284146561593186
24.23246235363075
24.192328575546682
24.123625812810673
24.034484533350845
23.98231973082399
23.96664483651693
23.965193217633093
23.991887856272143
24.00350057496437
23.997249153802784
24.005995417255843
24.0200398670456
24.051562975590333
24.105384049694496
24.16884514100781
24.24636527012471
24.338828928018636
24.445515623694856
24.57017357411887
24.71322925239891
24.759138708006287
24.697271176798527
24.582509937941467
24.38202346945078
24.163302471230637
23.92948762705971
23.617320485337835
23.239517773379873
23.050010615344817
23.06457487052592
23.17072681330468
23.43775825627427
23.70093221931286
23.9519590087157
24.333994070044074
24.81398464167385
25.081679563625027
25.1261006235468
25.073125307167707
24.840830208134175
24.647897498564788
24.504946111845335
24.23198179219598
23.87415714269483
23.70790096577541
23.73737621247581
23.861572494139786
24.152147315523514
24.401057595894812
24.599592089923924
24.913285672966012
25.299099971380045
25.678198519842425
26.063991148224666
26.465870147882157
26.868338390269393
27.362324474975726
27.95160289695037
28.57982911077381
29.268170218694575
29.717966714383447
29.894905143842337
29.955507220555624
29.813443243253232
29.627695330768685
29.40775384341802
28.996446700828844
28.42366935328389
28.08386792403901
27.991006483966117
27.97451131630413
28.136899385030972
28.20440493425103
28.160073914113163
28.227408709489538
28.34760533931368
28.466552199954968
28.60710680677509
28.75572856036556
28.90616406772143
29.14756026131723
29.482776772906714
29.86538651958673
30.31698068173865
30.537745175954612
30.49623167106345
30.3512065212352
30.017900520359213
29.659920123261273
29.28888362800155
28.748087245768534
28.070058259790677
27.69026018859357
27.628609456986236
27.698824787325208
28.016837265865245
28.28827993753851
28.497592896559553
28.892108393614873
29.41110398165958
29.741647801544623
29.885616469408735
29.951861323637324
29.862012588341646
29.863688200478496
29.968323727716374
29.98646348361563
29.97103870764905
29.93422518192318
29.854803720650423
29.762969098405
29.655580322534625
29.475967576843733
29.224007000012428
28.922879353907547
28.55884631478591
28.392749441943085
28.450104089350855
28.59656042958771
28.90543738902189
29.230849934335303
29.563055054470475
30.03973811563097
30.631932095210765
31.1583486487158
31.622011631823295
32.09213984273615
32.52535613061072
33.06523183349662
33.721376810505255
34.38751319816088
35.096492687366194
35.603277218514606
35.871987154264076
36.04148315537738
36.038315328885915
35.97839491475155
35.86909457512054
35.58528606647577
35.147456315996926
34.935008607866635
34.96389106654881
35.06393732118035
35.33418198460945
35.51753055663969
35.596964507944556
35.78465162893322
36.02510450094982
36.20857818492449
36.35091033081276
36.466741329062074
36.53324915032977
36.668026628793264
36.87500022358851
37.07820160141821
37.30401327858262
37.47634046255425
37.5812510362602
37.67445909569625
37.73360452292426
37.78439448827815
37.8317223989613
37.84329808378706
37.82477708515535
37.767240889718785
37.6641571457328
37.52252325104666
37.33709025532871
37.10473578459339
36.82380872753997
36.48954576641238
36.09939690935172
35.6827475792656
35.239754933558785
34.75279952990586
34.228289634765694
33.64501390469017
32.99950469760638
32.30653808972156
31.55999729891301
31.07222614013506
30.875874680197683
30.819405607163752
30.993246976199696
31.21994817917982
31.491778075313174
31.979602631145596
32.650943034542884
32.973772963950566
32.92241892125537
32.73106580813893
32.25832350937452
31.862534946319276
31.56450846135587
31.063632546571014
30.43492809566955
29.93165651062644
29.539238134940046
29.186514088713487
28.932395043601424
28.550444217333215
28.030305349002
27.532266362864007
27.006060482701738
26.645837535772678
26.48743496429456
26.40336541085263
26.45313814818972
26.564604195463282
26.73013555781192
27.04010065953828
27.48193341618642
27.721530202269513
27.742353113797236
27.69749817446457
27.498918903710027
27.366281345857487
27.314198976490022
27.15801918248004
26.944687840190852
26.797145264532528
26.703654354678612
26.637082429933535
26.6246158459125
26.54743342162425
26.400652978607464
26.264805202309688
26.11328802681718
26.044050492858062
26.074385842121018
26.138576931409474
26.265996373058698
26.419709901690823
26.595014347518138
26.836666265800055
27.13757252818834
27.355928684159647
27.48544155093667
27.589708679848112
27.63155123213522
27.70520112527313
27.816718072387207
27.887422227454945
27.937415019958724
27.92728070064303
27.842617182090187
27.714851336647264
27.52886326355964
27.28648361648228
26.987437588769897
26.61535197188008
26.168203128296046
25.93139505692979
25.928541487190337
26.021586751871464
26.289818194572447
26.56161209239157
26.826852262389874
27.241183541806524
27.77032345624471
28.043686137249473
28.046803881732927
27.933764905347886
27.606564744551427
27.3220966490913
27.093500352938545
26.70789586586932
26.218475982690478
25.829975653891132
25.534647628189422
25.270012063293414
25.085142533667995
24.804167553225508
24.41907600596425
24.05780114514271
23.68182635695556
23.40463488601499
23.25148732248907
23.141892339999835
23.112058795043378
23.129080211881302
23.188785804547752
23.341258253862296
23.58170150473991
23.74793471662287
23.834397153177726
23.917676583164322
23.95673429931582
24.061261671834394
24.240388775018552
24.40576993238574
24.58242524530582
24.689705307400722
24.70919676616969
24.69642375728869
24.62510950083658
24.520827292661306
24.385963492722606
24.182960927918078
23.915285398454596
23.749191516896165
23.693334920921725
23.66913225085498
23.720264389446783
23.738396155571312
23.715626121960167
23.742976656362675
23.79690618180267
23.79484431444496
23.740055162470323
23.65559488525339
23.5214349681201
23.408069707508552
23.3179550940779
23.19915379671299
23.06658949499422
22.996441903022188
22.990596104800243
23.023627447170195
23.116066894720767
23.2104709116566
23.305585348451483
23.44845009660738
23.628009749227484
23.768349288396674
23.868497479094117
23.95770258469898
24.01660065923312
24.10300759166877
24.219996907638812
24.322392846057806
24.422638557428275
24.511078324457632
24.581273954140997
24.646156990555287
24.70124826704865
24.740355844358486
24.76362194575577
24.769446394856192
24.755801258847658
24.913548147014048
25.260733447492328
25.7056379444503
26.302601625927014
26.94082802533242
27.614985885930903
28.429311296565682
29.36288799103311
29.976667843133534
30.242547266579624
30.35552936749645
30.195439183717347
30.045445188460487
29.919606104899035
29.570679966747736
29.055203310767254
28.80035420514978
28.813584494619356
28.92760364107729
29.25196692320255
29.4707170235077
29.567193376561676
29.79188749662869
30.077419914183263
30.196031360925602
30.155404961682933
30.01723023333379
29.725199348182798
29.47561568376564
29.274242685678146
28.975226212532455
28.61935951364517
28.410308534457037
28.351621340978937
28.375212796541085
28.535151118355866
28.674716165739422
28.78966268949364
29.00599081879373
29.29273897397122
29.4599687166353
29.5056484111893
29.50015253784764
29.394819450706123
29.335612544608534
29.329465862641243
29.262176022270914
29.164681270663856
29.095433439533554
29.04635219504037
29.01065221300895
29.000859252223112
28.953122796548914
28.865737893657634
28.780366882853254
28.682976823401688
28.63479775993385
28.645746410295775
28.67673517401856
28.745940464456957
28.82861112323858
28.92204898000593
29.054911440369075
29.222496987555555
29.37832602719998
29.522853948844975
29.675964389700873
29.826698986111506
30.010163257604912
30.22932374093519
30.458154823222017
30.705020840912255
31.03406268423618
31.449483076294733
31.927739240051935
32.48719621545602
33.08576509570515
33.723171828750424
34.43750737419631
35.22156513599873
35.76932103242632
36.055846266600604
36.22125728742896
36.179515464606574
36.11868003822403
36.047226483214565
35.79417418333806
35.39559480091514
35.20361930478839
35.22745547127209
35.321221089053736
35.57566672664175
35.737558500449
35.79205796406288
35.942233539588926
36.13360731511028
36.283192966731235
36.40770397226064
36.50955448321106
36.57272204784642
36.69740258614541
36.886217839935554
37.07753034087235
37.293882430023594
37.4641037462047
37.57654203737895
37.68199966957717
37.76011704938017
37.83734082172896
37.91850745148462
37.97299840997188
38.006908449194626
37.951181834124895
37.79381336510173
37.57063348862571
37.25937729149817
36.89223826299436
36.46933834844408
35.95303256397885
35.34752927015841
34.832677554109885
34.418827044747
34.021451465304814
33.68843673297073
33.30253740586276
32.85574271644968
32.447516162435
32.05281467054271
31.772736295729455
31.630958753305546
31.564144110777058
31.606506905723972
31.726355574874532
31.92324971236562
32.246542946909656
32.69374106991401
32.904054563731165
32.85275935183856
32.71249232019833
32.385521145656845
32.09837330961653
31.86595363799808
31.49057317956146
31.019482826587854
30.585571092721146
30.174652460662543
29.753516316969787
29.350133836677255
28.83461791209236
28.199576022345628
27.53029501537995
26.796160157054196
26.272078679505256
25.992489584362573
25.804588901621152
25.788057912210206
25.803224310806986
25.839842989090876
26.039025916511505
26.373909215061385
26.55958897895306
26.5905621253532
26.587262675263915
26.47773012716307
26.467023549837265
26.568765486585946
26.620947039795677
26.668918936632437
26.7317990588978
26.79256525275409
26.873786970839813
26.975532229625642
27.046878419833572
27.088175818175
27.12329129630514
27.140588628735188
27.17334526885434
27.22506638077461
27.27034755040775
27.317379867395427
27.35210528538987
27.37077775582134
27.38639514233114
27.39458903838493
27.380894485471902
27.344807780004583
27.28923421821583
27.209923794165817
27.11629381357594
27.00768214438613
26.87515531915685
26.71986443785161
26.600595012035726
26.521516032967202
26.455085470991868
26.41740222449122
26.371058396401807
26.313845019082812
26.27851362009085
26.257414344140948
26.274867210362395
26.33810545153564
26.431225585254726
26.56319159083374
26.72926804727671
26.929948041927023
27.17678381514502
27.470328623584866
27.600233931717156
27.54842959810979
27.415577730893023
27.14270679385188
26.85580860426287
26.561646468390165
26.14485252909702
25.630066810016775
25.241180333736292
24.98321482037408
24.764682179817854
24.64301704804448
24.45601357976327
24.194279603458668
23.98720699607122
23.799862659934746
23.642840170371738
23.533199287112907
23.44257189881198
23.37913484331052
23.370351279802627
23.416532368684884
23.513369371976363
23.66868226735278
23.78868277731142
23.866981824186865
23.955785227598746
24.030852734735138
24.14798586371775
24.313465457794507
24.4797085227526
24.659949852135465
24.78846088423055
24.852955006241682
24.89373621815812
24.890102075170145
24.86933890289618
24.83319761224589
24.748683776221757
24.620107755843435
24.564953737570715
24.588590721362877
24.636715512309113
24.739980971521973
24.819957535006413
24.871056811856604
24.9582643460589
25.064474028947068
25.089642242542524
25.031701849561998
24.925989932251742
24.746092160558618
24.565734986272957
24.38726750200674
24.150689019207583
23.87064590904338
23.69465717767716
23.62952422278333
23.615010040767963
23.690880956477077
23.755142235929075
23.80337765918698
23.92141230934126
24.0887572920345
24.176392002829072
24.18324166311967
24.15747535325038
24.066275059133012
24.008172696267977
23.9880664335712
23.929047465612467
23.852144810948417
23.876632774595855
24.005416269562414
24.19683939011943
24.48272306119528
24.77459278440299
25.069929608194254
25.441061113555296
25.870621283043185
26.299412918241387
26.731627394480626
27.184818183595993
27.645764979997118
28.169891674555124
28.760483839805914
29.379811051301672
30.04081484586145
30.44144845623641
30.547561614400028
30.510403071891172
30.24186414297608
29.90667457551293
29.51242892758303
28.896530538126807
28.088766988457376
27.610965912515244
27.488531348965456
27.49011241166194
27.75425031370804
27.930653149571658
27.998499670505403
28.25173773750823
28.616782352575978
28.80607845999778
28.82962344266056
28.775304201044875
28.573757089097807
28.468814314259646
28.471146361604507
28.401909231181296
28.3140415816889
28.315401022081794
28.397565153218856
28.54736232117301
28.791347812926432
29.022271817611358
29.2401551274413
29.52197999740624
29.84679490670593
30.048902693141613
30.120911162149675
30.127192166655746
30.022674746903984
29.925629961267507
29.840257589758348
29.667547101711136
29.430832078331886
29.286192028380945
29.23539778370909
29.218984514969346
29.27673177945047
29.29010477318183
29.25297769930653
29.258089977567952
29.280046613312066
29.245485938288862
29.158126578757024
29.035180250078465
28.858776042358993
28.6951273629588
28.545860282727045
28.36276268956024
28.159565827477696
28.10593309165041
28.213699519563228
28.41275445481584
28.750893382150373
29.117703480769315
29.509941002855392
30.02607431547793
30.645590702618666
31.21133482608418
31.722925722776736
32.24364976575163
32.73474117949659
33.31711066232329
33.99884353545694
34.68804199992031
35.4120188928138
35.9254138961772
36.1931220760226
36.34957377788564
36.32095967158436
36.22597974004976
36.07088058592028
35.728343430727605
35.21875386260449
34.97385354289646
35.01425330635222
35.144690232904864
35.478963583526365
35.728301196467214
35.874013673650964
36.15725639147555
36.51635884799561
36.76887115833567
36.92768191067081
37.038122032168125
37.05815129139132
37.155551927885604
37.33693596069346
37.484723012389075
37.63574997880403
37.75192613653128
37.8176352216468
37.87740700444836
37.91791961482906
37.931758772520084
37.922346147858974
37.88129242541478
37.80699131335187
37.69577889168999
37.54416412549904
37.35148964119615
37.114594240228634
36.8333147480165
36.50548629697089
36.12683631681751
35.695499105846956
35.28115288555157
34.88860662157164
34.482161043389716
34.08035960751444
33.63915868352249
33.15479990226291
32.664897766957495
32.159668865237634
31.81445607465826
31.652114734248983
31.584113753245745
31.663150570603193
31.798175920304825
31.986070586308585
32.32131428169089
32.788716283390634
32.96537963704194
32.8254914801651
32.56207727229988
32.06086254639303
31.5957311693468
31.182701610980217
30.585749302855664
29.8613480185976
29.327847481571972
28.98470114705111
28.717354598561776
28.60567471638795
28.402111494355598
28.09455033228968
27.87356988454875
27.686055163312
27.53064140784147
27.429839822008116
27.348223827645825
27.292159365018197
27.312095888668
27.40794696308507
27.562622988221086
27.788771392870068
27.874600255163674
27.80072113115194
27.678130120995196
27.448318633626897
27.231108785231278
27.03573333422246
26.751440548813328
26.403043249036745
26.221617469316335
26.214432550224046
26.287948688110326
26.502696261209273
26.696056162647693
26.859886689230297
27.127434377808125
27.464902467177325
27.664212117260256
27.721702562630863
27.713283952345662
27.584712216361602
27.491605400926005
27.440186594470237
27.305847882680734
27.120504688691298
27.02627367682405
27.021289949647976
27.05918356037919
27.175483265994863
27.253935843788124
27.289734925590903
27.37086619312797
27.47264283961374
27.549077580956524
27.605836783453345
27.647723880692183
27.664419156792125
27.705588884685742
27.772068760818218
27.830612035734646
27.891741572458397
27.927114108934006
27.930518668116008
27.922688685099857
27.89474305269161
27.854025481568527
27.801761586984057
27.72614365243579
27.6283084089772
27.516902316783163
27.390205217972195
27.244042963555152
27.07948449696009
26.887756102642566
26.66731338372488
26.422568439384204
26.150680671675715
25.890323757400925
25.645025939097962
25.393803290399596
25.1472345815849
24.882740910736548
24.598302987143978
24.314248579118836
24.025666312449154
23.814931543948337
23.69333601025157
23.619254441963832
23.617742096451938
23.646870585805477
23.70544773087789
23.837903073154354
24.03751163207461
24.141435381875734
24.141495791006548
24.112151429537974
24.010378187743722
23.944739470513287
23.922398748139063
23.85248581515831
23.758231311760994
23.704189794869205
23.685074194220984
23.68577793227898
23.720922039767068
23.729758287836848
23.709888469543912
23.70326743902023
23.696464283251498
23.69894976844661
23.715706538778782
23.732437279419237
23.752553069214585
23.780891332531464
23.81611088252946
23.858763487350153
23.909655964647293
23.93263186161792
23.924522901713914
23.9029754016126
23.857885466283253
23.809711897780183
23.75960617194081
23.68837153709532
23.599967498377378
23.551714673723364
23.5464351553067
23.559371480122394
23.605858924522856
23.647375114374704
23.681880617489597
23.741916511524007
23.81955997103199
23.83525763284063
23.78534392216926
23.70215683867911
23.564236483315103
23.426157309876928
23.290207265690132
23.110266304081694
22.897225937843853
22.843002407040114
22.960719438475678
23.167045088069024
23.515265470104723
23.882188018477255
24.262732630089232
24.765985524935108
25.3681444064595
25.888560038240826
26.325453374173637
26.75048892262237
27.118219018243376
27.564852839678064
28.098527228906768
28.613490641383066
29.139646769618476
29.46200076914155
29.546164052133122
29.513392557879506
29.297573295023238
28.995267016696484
28.611165406790352
28.035356622638897
27.28326991859589
26.87303036987954
26.836128841171224
26.933429192596666
27.304442883231516
27.615173631505268
27.845125282679277
28.281779638041765
28.855690940877185
29.206262900745784
29.33653510575095
29.372406241386653
29.224142153561456
29.176767169555077
29.24392496406259
29.20832989293407
29.131286509980043
29.100682615590944
29.100156469487935
29.130566887302752
29.210163864010482
29.23229423033153
29.195877049373454
29.168632881957294
29.12781398910141
29.100243552555366
29.094670574906687
29.08192844323169
29.07048865896447
29.06283262206291
29.05626167636223
29.056814481277428
29.064659779192993
29.100408523279487
29.167849596185878
29.257885364382677
29.377534306844566
29.515995344419895
29.673779836792452
29.863368924461266
30.083629560048266
30.175855524491286
30.12659215764626
30.010575087183415
29.78321674525033
29.540556434749796
29.287411887281717
28.936037118410567
28.5050586183889
28.316898856375925
28.390956766288614
28.586348878767463
28.99100993513192
29.39426582030022
29.7859249872341
30.348559096840116
31.04004926212315
31.604291274800605
32.04168768160972
32.44764971557324
32.75839278159658
33.17322317592513
33.70308116559224
34.19555864384396
34.694225856262385
35.10605991352717
35.40405227553382
35.66200392358069
35.84799685494165
35.97687158670319
36.051427941421146
36.03365349436283
35.92393042918538
35.894850167091576
35.95385312873756
36.015891714767186
36.124925475902316
36.1675496320114
36.13362922672254
36.115739214382394
36.08781357540053
36.09700332209645
36.15881832935959
36.23260519670878
36.33506312313785
36.46047680990854
36.60708268212703
36.79378183155644
37.02067762860166
37.20114333247362
37.33154636129655
37.45481825239631
37.54899179023546
37.67082280647505
37.82550994073103
37.966828678765516
38.10790889763386
38.123988233453765
37.99697539112736
37.794635750155805
37.47920519793722
37.11159058905864
36.694714980201866
36.163187977550905
35.52730752616465
35.0107242154508
34.62410905038073
34.26603373165789
33.99540447307904
33.662548519557475
33.25767233717445
32.90564762411629
32.57443327911605
32.29742755165959
32.094399484300546
31.928909658596307
31.816384426465692
31.77041852591305
31.79188898238983
31.89060765357887
32.07261082356168
32.10295104825416
31.963682409458915
31.77304337792347
31.467288861511935
31.1886554469944
30.947796044733202
30.618798431366482
30.231776551218037
29.87514159189623
29.540310835146816
29.204607054712188
28.887006440863107
28.503379399999773
28.049127988133584
27.58042225996015
27.07767627162249
26.748385224505355
26.618293817549123
26.575115037911
26.679324368835506
26.824263513086514
27.003106450568414
27.323701144103282
27.7660945543811
27.98012848485305
27.948343503601603
27.825521444447944
27.51841688427823
27.2604356768787
27.065071304732466
26.73538613018898
26.320040844392846
26.063049346459692
25.96261447332885
25.93503456628176
26.041410853966454
26.088391815093857
26.067342844113618
26.126212821114514
26.22383578171991
26.3391197020359
26.48755254313719
26.65121676938193
26.829286480147342
27.072916267118476
27.38258287050742
27.733813355927833
28.13868350389305
28.322032914763543
28.255577645668687
28.078349158438453
27.71183511363532
27.30895885815344
26.87841283773501
26.27344073147461
25.523213709650463
25.114035635098087
25.071799920218634
25.183485922270947
25.579799583011397
25.938117401765663
26.241165826389405
26.76369222921575
27.43956572437252
27.81715703581584
27.888599405837915
27.824934119153717
27.509449666838925
27.277371244533377
27.14429513637015
26.843013987049535
26.443659674006827
26.19220827297952
26.079679845143186
26.036462618910264
26.122550071242703
26.124556610252213
26.034778828713698
26.009902640959695
26.00451726131177
25.93010899162958
25.795300648689814
25.6102487116899
25.353978646242844
25.118564940529623
24.904770423883914
24.64868274935434
24.36904213225845
24.166513134533655
24.044238101199088
23.967701794752237
23.964265855415487
23.958012114275828
23.94718634485622
23.994210015393648
24.08445348462986
24.14260894910138
24.170024321692793
24.19365509725516
24.195230069754988
24.236883325190583
24.322219112900452
24.4054006633571
24.500368314802586
24.54740893340464
24.53562458228181
24.503057081540835
24.43128434342626
24.343538436037175
24.24188232751795
24.09775835269973
23.915078254494066
23.824189719210146
23.83281837185965
23.880875362084627
24.003354989697183
24.116417877080856
24.214879025277146
24.370830414253856
24.566808459278022
24.660008277813265
24.64577095619855
24.58008582198488
24.425165089481045
24.282397336392663
24.156170897480365
23.963003779202946
23.723530993214748
23.574395116706675
23.518195310334463
23.50369033072867
23.566397854316246
23.604505599622964
23.61352510792561
23.6748299289379
23.767287547841033
23.8412167952902
23.902089314469023
23.959618495270192
24.003005447167826
24.0830792057195
24.201891304620254
24.32575817535059
24.466155537173776
24.575353758927733
24.64562313916383
24.708010580814747
24.748431769244966
24.786379972840585
24.824189312568887
24.839605221084128
24.836492800317004
25.01664259281589
25.396889318051084
25.884634088613176
26.536774511112533
27.23151157684914
27.963537523426904
28.844797159763687
29.852209936454546
30.504315906853172
30.769576802569528
30.861438209166117
30.64765850546651
30.438002226336472
30.247403115436228
29.80437807137222
29.170378897498633
28.788253107876315
28.663103670470715
28.622680201830793
28.77931288604907
28.800431194593628
28.667746706667455
28.641544462400006
28.649988363628278
28.620353603001682
28.57641397879201
28.50338534960053
28.38958404454929
28.34367584881945
28.367125474929328
28.39818805596077
28.46131236200142
28.536466977225796
28.618267382516706
28.73555583324047
28.883731254226237
29.060125430999616
29.269688930263285
29.51146638068717
29.787222203649435
29.949814383524718
29.985063201669607
29.964545672383714
29.846315347871606
29.71818714244596
29.58471846955218
29.36443971487075
29.07428755114919
28.87097815655659
28.757640336492464
28.66974793770108
28.64721852223335
28.57593383113147
28.448942951661067
28.356621479498855
28.274106746217846
28.205472847052075
28.16201102505098
28.124860260871756
28.098518987780785
28.103592950203602
28.13999317455622
28.202679105438694
28.29707285754146
28.41596529714211
28.560287632866103
28.738867050895834
28.95136880407477
29.20230857637009
29.49448119619322
29.82680773263144
30.202023426656535
30.626450869713725
31.102126521891094
31.629584507208776
32.21194206103652
32.848249355094254
33.54043010917542
34.29293788024825
35.10720498305219
35.677266655529046
35.97378514901332
36.14238664408121
36.095499108570856
36.01205894734158
35.90007202343634
35.59102317423826
35.11833835991931
34.88811714104667
34.914283968106545
35.02297356772253
35.319775438907755
35.5200612060844
35.60658520272837
35.810960585867775
36.07214372424328
36.26696347180952
36.41215516305989
36.524987501188555
36.57939617362716
36.70630581959219
36.90994513379382
37.10495459163033
37.32051599986581
37.49239878908131
37.606866034610874
37.71601598477563
37.800687137270074
37.87725087818526
37.95045782683203
37.995557034500784
38.01642488144226
37.99491601873979
37.92464360660092
37.81592103239871
37.661251514410445
37.465130765540586
37.22634741246963
36.93450735800374
36.58876708938222
36.22086785497926
35.83062203075884
35.40054627488371
34.937606084518606
34.41789472670078
33.83800727420733
33.21456963457677
32.54096014122334
32.05797009010905
31.79111878679455
31.62200847509979
31.62030085291012
31.650084434703
31.705035457038633
31.91624833692897
32.25865944071786
32.398091112741234
32.32236328884075
32.17631940109359
31.87295326581015
31.644532161186063
31.50544360824908
31.265986869167072
30.97604480669847
30.69415666059146
30.40220391040862
30.10575261245912
29.813770755326058
29.443363432614166
28.991842023631058
28.505572308782018
27.964934367934926
27.613097800222036
27.47679536735007
27.4260072881266
27.52996081525311
27.65850542666248
27.802455669811643
28.08831294026891
28.49050604428948
28.685639909023802
28.660933797450564
28.5544330478391
28.28109286039029
28.062907888988505
27.912390823215826
27.645811902280176
27.309805646413533
27.111825126635583
27.048817130006242
27.053529613595632
27.177683498521905
27.253006230518878
27.27265493239211
27.36423655177762
27.492122240542542
27.53195066168176
27.486109830716607
27.38874226853553
27.20817271427764
27.049591608695913
26.9154557789642
26.725724812190904
26.501634859005165
26.390191455006452
26.396280609062497
26.46462507855115
26.634568275596337
26.79892782870065
26.953816618230956
27.187340707736016
27.478071943184865
27.664324929727137
27.741791653301423
27.773257003914182
27.716350003303734
27.689170126892357
27.697135737752408
27.644748355230565
27.556474089157792
27.49889065375395
27.466244258442526
27.442915390791054
27.443830902066274
27.404538978502156
27.322269149012357
27.240896777128448
27.14595065643569
27.075226304098987
27.036550590228817
27.001401173572866
26.981250993569454
26.96482462633596
26.949857676167017
26.952158961543134
26.96942659333006
26.870317407661897
26.644333147453743
26.352035799144268
25.95669302761862
25.537787275831956
25.09906910285942
24.568049698287584
23.960030596368046
23.547781579574256
23.347928564394085
23.240947642599977
23.301298366398633
23.351081316663333
23.381661976542393
23.547410255211254
23.812773601841847
23.958678088385575
23.98523723372248
23.974372148007543
23.871442599791617
23.846433992731736
23.908683432050758
23.927965221531508
23.941407767089135
23.991698138026546
24.06827627154008
24.176982420201565
24.326086661344647
24.458318600254074
24.573653809892395
24.707136302512165
24.846661873661347
24.913984491366165
24.903983720936623
24.844347109863826
24.712480996919687
24.56255707814917
24.394802752031385
24.16106878495399
23.870697401980713
23.710963534404623
23.692965112204675
23.733103204882074
23.882106819429463
24.016463584112554
24.129433935753248
24.326922088627207
24.58364436483806
24.69416327672705
24.6523337689252
24.538960586524226
24.30001971894212
24.08271321834281
23.893783218547195
23.613029346269816
23.27076418303895
23.071639137905688
23.02057318331969
23.040855897909925
23.186244101493042
23.30618788470581
23.39454114794918
23.573110168653695
23.811135448393888
23.993451159674155
24.124572574311227
24.239211721130875
24.309770699961184
24.436472515335094
24.62384587714977
24.799298374849755
24.98480747964037
25.221316954398027
25.505404736731762
25.833645093955134
26.216239026423246
26.611643457833445
27.02028112472805
27.472079436471898
27.959166599527776
28.373990501153653
28.709412229534866
29.011007744211934
29.248840896526474
29.49396981957618
29.749101456291015
29.951956779096612
30.11624064455409
30.225092578374966
30.267234027882317
30.257932731564047
30.188224781961885
30.0489289317066
29.83775511012662
29.5488106562585
29.177193084789373
28.943055650860313
28.864503384847247
28.83179154946863
28.905529158084455
28.95330624864667
28.966084581921123
29.0628301121932
29.216249227428854
29.286845064114964
29.277674755604494
29.237835063968845
29.133705953536396
29.078021942309864
29.077136176317076
29.047489460976045
29.014206382639458
28.961011988455606
28.877394671443096
28.789062111510116
28.68925209959997
28.56706895133781
28.424267968840788
28.259877165617112
28.071427733301714
27.989011105516713
28.024417617007952
28.11421908522855
28.295018880376624
28.491885496864665
28.7007180502873
28.991570217231413
29.34996168642457
29.525981380287142
29.505124889967846
29.396760877574184
29.133049487027858
28.87792244805926
28.639598645549285
28.276754662492184
27.822432177143064
27.659165279096705
27.805877106970204
28.103136379075696
28.65423588342328
29.199891524990708
29.728438544849265
30.459986206371333
31.34249912991866
32.06667560903064
32.63225715764695
33.153208511007314
33.551887222027865
34.068672450164186
34.71600678137535
35.30896616425642
35.899523897747514
36.31392811621511
36.51259399325713
36.61235140381529
36.55626175882991
36.396190201160216
36.13597871268237
35.69547392201831
35.08055793564333
34.75379651464075
34.74383183886028
34.8306305927106
35.13800918017014
35.371569643030426
35.51117213335137
35.81004538361182
36.205815810060486
36.47682484115763
36.63484696407318
36.74416178855734
36.753004480910626
36.855599955886
37.061004073032336
37.23064197934894
37.407559444369085
37.55548581484201
37.656751818326235
37.75962447937601
37.850792277551655
37.917217641588344
37.962704072013395
37.98164347916133
37.97135543625336
37.884241145837365
37.71247302905417
37.47516611758317
37.15633765440377
36.781897962082404
36.35040473270352
35.83274602043688
35.231641431134676
34.73502251369599
34.35554532132672
34.00411419691268
33.73166070497214
33.418317094949764
33.05636302302627
32.749749545502986
32.47346506348915
32.266410720150965
32.147153337394954
32.08214612974518
32.088295741126394
32.17166244914092
32.333948767706346
32.59035739310042
32.94590320323683
33.10909985767021
33.057150635974104
32.934466967743845
32.66131175312684
32.414660796687556
32.20674653851031
31.87995481755592
31.471054204206816
31.11735771155275
30.810284312645837
30.507731313123635
30.240710964558215
29.887505214847877
29.44105830722668
28.98610490120892
28.4945987259916
28.08312724265818
27.771158715226147
27.48280187234295
27.252788606766796
27.033255982398707
26.818676312371913
26.664002503456434
26.559899165860752
26.48820873192961
26.456910889988094
26.470531488101333
26.528560556324845
26.65732836894449
26.860891919929188
27.12848949915229
27.46869560774146
27.701122161309957
27.80925729572985
27.88643790953038
27.882607147210347
27.90306551425972
27.9555461008179
27.9437788693357
27.889524001755152
27.85756361388147
27.840305685924005
27.820209045000304
27.8103257792149
27.74705789892463
27.626029542258813
27.487966206120202
27.31731031574224
27.211211916884846
27.18202961045322
27.17151781633458
27.20728755905076
27.241160097583155
27.268140698541032
27.336360079972003
27.435668376741017
27.442224638838574
27.350775170621805
27.213455513755388
26.997402262636268
26.786362966722084
26.58460942556575
26.321867337965788
26.01533879921855
25.857304015571305
25.857833612806797
25.93759985395961
26.148952193725254
26.36227706658638
26.57228291849185
26.88998092639893
27.289800646447073
27.51249308404813
27.547711047365535
27.50207151374157
27.30669075862281
27.142586187486117
27.018558723539666
26.784499406061123
26.477626096553077
26.235091457273903
26.050503327279436
25.88275874369976
25.764196895690723
25.574490138368102
25.307863976018126
25.050465460593944
24.775575822214947
24.54144090096075
24.36273633541197
24.19279107016469
24.050293790361213
23.922853588778196
23.807426685817532
23.727301871609466
23.680521442576147
23.664056680125842
23.682877265457094
23.738867809644148
23.834116348368656
23.977639712495066
24.172314576364965
24.417500353494724
24.71739916343761
24.893957453352698
24.93119700580925
24.917578911517356
24.803303052907395
24.693866016470224
24.595823237104
24.412520888552347
24.16507485005301
24.008045322570197
23.94255189558743
23.908082448451555
23.943408776153543
23.932328007951334
23.868055647270815
23.840823442740543
23.82521090236246
23.803002412330706
23.78284402984215
23.755667883350778
23.71918862142109
23.7065348740268
23.71766525554222
23.73483224359952
23.765380709922834
23.801053922887426
23.84020676512618
23.892573084248568
23.956236442586462
24.03171744177991
24.120633620973493
24.22161589308418
24.33550386687064
24.37923400295046
24.344425360050394
24.27096926254012
24.134911599253112
23.984626800365252
23.8222456827686
23.60188173897872
23.332505603290013
23.21286908622217
23.255762304365582
23.37247171952793
23.61736986789844
23.862413357839152
24.101116255512856
24.445252807464993
24.86918378494532
25.251801825305446
25.597098908939778
25.94692993757545
26.272701320617966
26.675930188254434
27.162691767694465
27.659558640835677
28.189621865217298
28.60589833777302
28.886094243315462
29.116062535578433
29.25172411331625
29.360225870438896
29.446416020677557
29.43654185809917
29.342599873201184
29.291656850500043
29.28315197692844
29.261922592839408
29.258194863046477
29.17596056956969
29.007064511372732
28.822993304935963
28.600891490933527
28.45047356889722
28.389691079910637
28.34971792561666
28.36345748436252
28.383010213872353
28.403715472340036
28.479167067695464
28.60028983198221
28.652087818134536
28.63237974623776
28.591221752566017
28.499821237212522
28.440000762987683
28.41771327106871
28.368507643765668
28.310791021293696
28.27929198814194
28.27026353109463
28.280523422164887
28.318203339419462
28.34805044795838
28.37000815810842
28.40867796639138
28.457037204268843
28.47387712387787
28.457854696970017
28.4236676768636
28.360171152407993
28.298241770430625
28.238765800552837
28.156417356449133
28.057250577870047
28.027850279414437
28.073512534862186
28.15727982257862
28.302954492598527
28.453442233363205
28.60630984145611
28.811181951372244
29.056845278005714
29.25611507498067
29.407441446602693
29.54530272547447
29.647372200547345
29.778209077806086
29.94133286724604
30.08566419552078
30.225049705734317
30.505567573443855
30.93597314687419
31.457262347829076
32.1100015306459
32.79729074490922
33.51613047529556
34.35141486282689
35.284834270999504
35.91790352948173
36.22285819425702
36.37643416049099
36.26827698339583
36.15265340648838
36.04113556691575
35.70868556647227
35.20504526254814
34.94585129017543
34.939611373154115
35.01933544162361
35.291659259321555
35.45202582592413
35.48341585456317
35.62790317450122
35.82010345581949
35.976777162280406
36.1192412996413
36.242662486966275
36.33232503506506
36.49891025648362
36.745041583372036
37.00551319990496
37.30550484839946
37.522231148769194
37.63922955144537
37.73393367157208
37.77161279408244
37.80797296657059
37.849921104420254
37.83961796224969
37.78909034777176
37.71558663081278
37.61182168945958
37.476615699221064
37.31108773678083
37.090370128896545
36.81187512048328
36.4869748424883
36.10843420360937
35.72203713183896
35.33144334696992
34.90811749402344
34.46373000170814
33.971858227648916
33.428595942344465
32.85627645504733
32.24808978365954
31.823584387243255
31.607564822031087
31.492055218242477
31.541410089186055
31.633956595618898
31.76470263108123
32.05336622449748
32.47822540320772
32.653935205023615
32.561822199384544
32.37310701158969
31.985584361022294
31.65830541388704
31.406852367904484
31.014166651239645
30.534816534339466
30.13290017460533
29.796211271996967
29.482701633233063
29.22965983420408
28.88487907331285
28.441593473704522
28.005274284719526
27.541904450621303
27.25014209794101
27.16033264088763
27.154382972080473
27.29165017180307
27.483664199994443
27.72341497564395
28.109018616553865
28.62447003589171
28.89808969305001
28.909714039052336
28.827284458220383
28.55150761457802
28.32565416383246
28.164353625610605
27.86050442160653
27.464860167835315
27.20193281740339
27.066310386497257
26.98457791834528
27.011455202966946
26.962051959540048
26.827686525385225
26.745846071354837
26.676342778841274
26.64486842318294
26.669345223020876
26.709626404745723
26.777165181914814
26.89221627176061
27.052950469399136
27.260671201817157
27.520682442736895
27.678997771283736
27.72307394202483
27.730772894701996
27.65996978549564
27.60075353933818
27.55965357107397
27.45512220618329
27.30584296912766
27.222212892584356
27.203658168612872
27.209651464309562
27.26754578308794
27.2918140435254
27.27784928199521
27.291015821913042
27.312661964823157
27.3225557732934
27.326115226641683
27.319847695783988
27.299945929669548
27.294516136565985
27.3035486522376
27.310087840307126
27.3200981949523
27.290253995654062
27.214736916727578
27.118215393010132
26.98802150220299
26.844430003199893
26.688960533620822
26.50006974931418
26.28151597902675
26.077068844711953
25.887399040667216
25.693592819001083
25.50654644622514
25.294600555028723
25.05543199244828
24.813731431697132
24.562328672584936
24.34202359357478
24.15975106693714
23.991298672852857
23.84925351928391
23.716081779512187
23.590679233886508
23.493488636322706
23.421641058587973
23.381369117531516
23.377366312614377
23.406112410075227
23.47153967000073
23.57692198005914
23.724066671023834
23.9163096260496
24.15612497352905
24.29232848646848
24.311789262778326
24.288797968772712
24.181183506156927
24.079277167733675
23.988577319895853
23.8267590431207
23.611903731495577
23.497847674274443
23.487879287383727
23.520179362921592
23.63427929440122
23.718500567893805
23.766690430191986
23.86805373763335
23.998729691656106
24.08656648745984
24.135288769757558
24.16279065883261
24.151685142984633
24.16667931038953
24.20971201941773
24.233923860256123
24.252963087801906
24.239635437095874
24.185859902466017
24.113691142637236
24.01378383947133
23.889102188492352
23.74044115294234
23.557346810495133
23.339598786340424
23.200841149654877
23.14974754820489
23.13163011004238
23.1777003792122
23.21876558841376
23.25055076089108
23.334924625169425
23.457828133199765
23.581897041665904
23.71243915021483
23.85877699514502
24.013761187236625
24.216232239604313
24.46897185718133
24.747975366194968
25.062933463940496
25.379219828030084
25.69218623989851
26.026215305577935
26.371890667738125
26.745045174615697
27.148569308857493
27.56688163082743
28.004038545643297
28.32365816831635
28.509774710541556
28.629110578617208
28.641327159802053
28.621471886968752
28.572259979183045
28.419007169737455
28.17478756912388
28.073839201912467
28.126887512144787
28.229377110457797
28.44302335517756
28.609251009740245
28.718076961534162
28.90130787548659
29.12513833263868
29.233424063457374
29.227356139134045
29.15801429232427
28.985945260057054
28.835234099553933
28.710546253904827
28.516296305509655
28.2783265806889
28.1658279223194
28.18433452259474
28.271681518400886
28.473313135727892
28.666223343072893
28.846471980615107
29.115670965017074
29.44959044506822
29.651227888918047
29.714831268604616
29.71838477779269
29.61021470601051
29.533135920823145
29.494005680828668
29.377031284968105
29.211921138307947
29.116363673424324
29.087224738183945
29.088392051398824
29.14876691553725
29.169260725089597
29.145875340021462
29.15222048855569
29.167104437637196
29.155781256912352
29.123069096649445
29.070634639908675
28.99066815497504
28.92233930565735
28.86591526850414
28.79531824666322
28.718653457780395
28.72684907158824
28.826578460949335
28.98097127036042
29.215938024581813
29.472176536801303
29.74831653180108
30.097687820249575
30.50954186674164
30.95776151197873
31.44843676888781
31.988751603142962
32.57509236029536
33.23961661742658
33.98587035038808
34.79684962960928
35.68168814544356
36.308145683732114
36.642623019946704
36.849098605456575
36.83243678778237
36.78202377035823
36.70758335196719
36.4288729454503
35.98167688669213
35.740497929010566
35.71413999752287
35.74486954511695
35.92825427078046
35.99486637952154
35.92760226275067
35.94085217403465
35.9756870613154
36.026354216537555
36.11805249800941
36.21318837716134
36.31793830494104
36.48963288963047
36.72830120368055
37.01361931560891
37.35989068487142
37.60304157792439
37.728637065654894
37.82682527533232
37.853249220138274
37.89989995007037
37.97559175441384
37.99671447861013
37.983473807349924
37.916036349683964
37.78081771804389
37.60003332381726
37.36358373581996
37.06176120484306
36.69341822935907
36.252158180529435
35.73347830181153
35.280816613123456
34.904520786840905
34.531301390624925
34.199577261633685
33.82153858122823
33.38995953686146
32.98132891000789
32.57651462749802
32.265058508728494
32.06640629770738
31.926281792430203
31.874446296765505
31.879155826595028
31.939774032078994
32.101083239478434
32.35978739036324
32.422331361182685
32.269161950041685
32.03989793178237
31.655195692437715
31.30059553875361
30.98823961984701
30.556892530276556
30.045321064127698
29.569614674636117
29.11912665013726
28.66342716706915
28.227685567875834
27.701660420383956
27.079326836452108
26.434646466381018
25.742005215462783
25.315964700722457
25.194781164999224
25.211483011311145
25.457832745361205
25.76984078271454
26.137847560718146
26.726829369294155
27.506441691839612
27.93923337469105
27.998447644270513
27.92205109593716
27.567000277260902
27.291965320039903
27.11785711885197
26.74235473114723
26.24037739077767
25.944895364945914
25.84900038763998
25.843940784791137
26.01150541993201
26.07892279868216
26.033914801687907
26.080665928532
26.16037624667985
26.212197903345167
26.253089228976904
26.27082424792385
26.254029466025568
26.290255030852816
26.379373750588453
26.468949507541183
26.57756767997262
26.647858860786915
26.669791258303317
26.683983390702934
26.673644024212596
26.65764634469544
26.639297997109555
26.59446168605544
26.527065356618927
26.510642959710697
26.54837964848756
26.607613082120547
26.70762214721123
26.79981712652155
26.881169033727048
26.992378675530873
27.123153890614404
27.214737703940905
27.266499039027227
27.299314998842622
27.29800596516628
27.30702537096649
27.328123350444002
27.326028716621614
27.30989050326113
27.281812210306832
27.23740698389819
27.18149767996274
27.11309013823548
27.021137946290636
26.905089228983748
26.768831022791787
26.60930182262841
26.405055458744577
26.153204210305038
25.860724136213925
25.520524800707435
25.144723115880925
24.73234797570376
24.270091695100838
23.759106126409193
23.429409604766697
23.301554588738323
23.267293543951514
23.391833419792476
23.537687795217696
23.698451157916633
24.001372027817894
24.42029722420578
24.671062547911607
24.74493104947878
24.76157231454823
24.647343130363243
24.60362619235079
24.64234256125475
24.60057154587211
24.521490116313636
24.464379736120524
24.414778342131072
24.373558527159105
24.35119046958707
24.27121334577608
24.131308128956107
23.976570280545488
23.789335292129817
23.66071227846913
23.60255780325725
23.558045528153624
23.55285341138675
23.54446541514492
23.527742522744724
23.546070187888986
23.59022861905828
23.604029728749147
23.58837508170616
23.564146375791584
23.51780908846589
23.492689926803628
23.491433093345567
23.48145670681492
23.472455894532633
23.47169851141652
23.47643684415396
23.490247194979023
23.51441688773756
23.536966543410024
23.558274909660426
23.585397572210887
23.6159729660352
23.625769107260354
23.61294305877093
23.587189770392868
23.541544661007034
23.492048920109873
23.43901850162311
23.368031967345825
23.281968055156696
23.310941669490067
23.465953495027087
23.687504025510638
24.012403228890612
24.361507177763443
24.731465821089103
25.194941317742995
25.73697700385851
26.202066900348147
26.585919007659104
26.953740335339862
27.26545082127992
27.632365316928972
28.06119113042619
28.462555948202578
28.86049228140769
29.18683913914378
29.423505703907836
29.618456154753353
29.748280018117903
29.828911994233653
29.861273566012727
29.814579472325146
29.689583043632716
29.61902858346908
29.60840918387968
29.592388727548382
29.604675646246065
29.556800698507836
29.44079316312641
29.328289055914716
29.19883015288715
29.10727251160287
29.067338662346305
29.038632051012677
29.039279971023078
29.054126733188227
29.081241426398456
29.145267895488104
29.24422062391208
29.28303615444895
29.257626637188242
29.213260351565186
29.12548637769552
29.057271937387444
29.01367354333496
28.942974715151212
28.85928848069655
28.81980866568548
28.824185391904713
28.855460729220134
28.928395160141914
28.997781232708828
29.062607280210635
29.15838600516776
29.27618344559577
29.310332854881676
29.254785602104636
29.153541559028312
28.977604600324522
28.79795711974004
28.61744207987421
28.374870054972064
28.084157610876204
27.88523492737592
27.7833950383327
27.721041274067776
27.735187439663054
27.72762000504595
27.693413952851664
27.71357762812364
27.76777106031978
27.854345583387417
27.984046303944055
28.144906906386566
28.34042548909329
28.593898605939977
28.906854193749943
29.27271946978129
29.69839040168781
30.17885972343879
30.715770099636753
31.318686965519582
31.988443269484613
32.72938712229096
33.5452020587893
34.43645540137861
35.4065653712888
36.08875077893361
36.44753652624581
36.659021894802116
36.61828918654292
36.53947201819935
36.43257890965705
36.09599868062427
35.56997605271759
35.29979588499619
35.29810589074135
35.376227318677294
35.64881109493958
35.79894139630914
35.806999793713615
35.927703501038074
36.092386352873
36.22729545069059
36.35628242032519
36.46762754884499
36.54986417475712
36.71050374036077
36.95187978130732
37.21347918869588
37.520058955274834
37.73733993470345
37.848739472835966
37.93718609202205
37.965200022497434
37.99672513860765
38.03948550131274
38.02940624646058
37.98052457847041
37.90574770194381
37.796777277507694
37.656031874596906
37.48329684610897
37.25496748688936
36.96878896298306
36.63433835493691
36.244678888622026
35.82619189589948
35.38022147877309
34.887451388151256
34.35374704206155
33.76336026359493
33.11265438393734
32.413216623635684
31.660014298778908
31.175914952009023
30.994367169976076
30.95967154874461
31.165287407320964
31.426768710202033
31.736261381847264
32.27092196553109
32.99702460782817
33.338634049918376
33.266606285585425
33.035087760163
32.49037952566844
32.018010929691584
31.64001278969552
31.031186999582648
30.271786921682175
29.69267118607009
29.283385488119812
28.93924404093164
28.74008435213749
28.407654947543687
27.928979043220842
27.508485917177133
27.08537417372765
26.779247895234317
26.62453467685779
26.522286909837273
26.512735197293477
26.57886847094497
26.715686168000023
26.96954843186407
27.33945019701649
27.55359512637262
27.59621850603457
27.598787095417386
27.489492729538807
27.440430961112586
27.464543476961328
27.415033779986846
27.32918309771564
27.269006600587186
27.221534655180616
27.18209474673745
27.16193371305455
27.087859361668986
26.956844009042634
26.812841183778218
26.638618013319615
26.564859988552808
26.607390325240903
26.691084001595783
26.853128124346846
27.027619602839174
27.208621580619635
27.461744706157994
27.773565673279265
27.96815402665958
28.03789136733153
28.057805951978906
27.981268139032736
27.927273914347477
27.90218993294501
27.806343634924218
27.66436811143268
27.53655357611921
27.41546610112589
27.288206491607635
27.167265924377553
26.990653408577817
26.755149026900142
26.50076893224426
26.212967148852655
26.059839631566806
26.061478532961196
26.127747819406494
26.307350247926834
26.512447740900413
26.73739564465584
27.06987659969174
27.493277648441808
27.714247613396346
27.717472474588497
27.63238002755135
27.38044010714885
27.156121382289616
26.970282982076213
26.65780511733998
26.258866934569294
25.93922111818101
25.692988874612283
25.467352864947728
25.301904549788613
25.056153859807104
24.723122134963855
24.40510016598438
24.071017405455763
23.85559242050258
23.78336706684283
23.76900680313451
23.85411607601143
23.98671850703535
24.16236497585815
24.445388877990585
24.8271968624339
25.013095108277902
24.985705275415484
24.881171280075485
24.62046888264874
24.39330464343082
24.21155622782302
23.912323567536706
23.535235572931576
23.336359299109986
23.319468334155662
23.389406901799553
23.61224270969874
23.797174999076788
23.935704943263918
24.17968443610944
24.489371243371025
24.656208327138142
24.678301556427233
24.62755143503081
24.449901004623605
24.306249987694212
24.20242745526441
24.011337315093204
23.765905518207635
23.61556340518972
23.55905868191803
23.54733167944013
23.61808365874961
23.65002794146274
23.638352188493382
23.675608508808157
23.73626358534736
23.789784687913652
23.844227833578223
23.89684785732449
23.942210652887514
24.02272285545814
24.139250105463503
24.266895779715888
24.41524601109626
24.4927528909283
24.48851099969494
24.452905689581552
24.359643699910777
24.255447226935786
24.143772845836768
23.977841011350193
23.76671511801129
23.711356372111936
23.82464548851158
24.017064362068005
24.343578907555827
24.67538963749551
25.006049512427584
25.44826667880894
25.976335250914037
26.42512860518529
26.794333705364135
27.146442512762476
27.44016951418015
27.80261710802819
28.240850952038553
28.657107544926596
29.07913673210388
29.398908202007163
29.594008227362796
29.734163059779778
29.784714996580572
29.782784197349045
29.730968660920354
29.57800528071833
29.328925880105032
29.16685785117024
29.09924872063656
29.039529450939312
29.03467874604059
28.96160712912242
28.810477911499028
28.681622654212536
28.54736389236852
28.479118199828623
28.49616535613441
28.545817711829773
28.65242394020108
28.799187047236476
28.984360525907128
29.23976133658196
29.564072885528855
29.737333649736314
29.74500357490218
29.692532726775923
29.520671006253163
29.367429945296376
29.242157717404513
29.024882710201357
28.744606856959138
28.54892325907668
28.43631438607066
28.355763721801935
28.343923268946373
28.284022698569103
28.170554562267938
28.092439413184017
28.02459332242559
27.974481510453792
27.9532759992285
27.940343921425825
27.940875166681327
27.973718996393043
28.03849709523187
28.131507196714928
28.25768284648351
28.33146822447891
28.345813946833267
28.345743353716266
28.308078661050107
28.28231883181493
28.272655188163018
28.234530097749037
28.17857755939137
28.256336479992534
28.47715379925275
28.776851431256006
29.19718580503759
29.639848529545702
30.10094854133986
30.66677924072152
31.31832588408132
31.89906350940487
32.406082660966526
32.90225261607521
33.3475684600193
33.85756327175848
34.438828719755776
35.00003668404755
35.56614007135254
35.97631944091394
36.20291705164701
36.33795894954973
36.33114350999439
36.25093562442676
36.10025652441092
35.79750734185808
35.35286170060242
35.12662260216596
35.13890560571825
35.22199307911904
35.47171197373782
35.65304628708379
35.750299777433455
35.96278607775027
36.24049948012826
36.43999875881519
36.5732317631157
36.67528081451781
36.71400193775681
36.82417176584405
37.01172874201997
37.184187738157654
37.37177396413284
37.512159838571414
37.59047764054648
37.658444816954365
37.69679797146882
37.71931014759636
37.73024747867108
37.7056925443815
37.648597068979605
37.586832042823936
37.518431509049
37.43117301184406
37.33063738001457
37.19459416419257
37.0204163711661
36.82277403717844
36.59569475366021
36.286302039265614
35.88974453480259
35.42549624138238
34.877675723063895
34.27834301460276
33.62698427568479
32.89233523654292
32.07915459976188
31.564899332492207
31.38233506094111
31.355977819750823
31.592636549656604
31.864668828878962
32.161802399321815
32.69369885021245
33.417086278892825
33.77442048900788
33.74202014883744
33.55866380137144
33.07691010484763
32.6797730792164
32.38853052342327
31.885157606291493
31.249798283583655
30.720054958808436
30.27779108077661
29.8626506576542
29.528467329594548
29.05294643295625
28.42613159881554
27.801438307881828
27.1290497602549
26.649681698218142
26.402310355744117
26.237306249684984
26.226783088971032
26.269418222293798
26.35569779643826
26.601474559676713
26.988119721721667
27.19879538602677
27.222350677937253
27.2001249379252
27.05050217000119
26.99025065894422
27.034300413268127
27.006040837533895
26.952908413213965
26.956606157532278
27.00370440153998
27.088092462085182
27.226600989741005
27.32796861230228
27.39006748475341
27.471375128011633
27.551851049998476
27.646013364114236
27.760245519401973
27.872725573688253
27.98800193791802
28.112198666505773
28.242707672937925
28.37998134904736
28.524507248916684
28.541624930148064
28.417758691681644
28.215981069955216
27.897260013721993
27.537393318864773
27.13900391195476
26.628480630449832
26.019226159041224
25.679057750325335
25.6329347663689
25.714374727835562
26.02435235643216
26.328442564899095
26.61451544504282
27.088556140665435
27.70368233878344
28.06293644193976
28.155989838964878
28.141582987474752
27.916567873945382
27.767509641475012
27.7091651077661
27.510347861908492
27.23138201607182
27.034043153276784
26.905164501095893
26.80820808044531
26.780094593010254
26.666045225612965
26.460322280224535
26.269773912605284
26.060372221277444
25.864797542479238
25.696738606923024
25.516053655904216
25.334027214914954
25.158406310338485
24.98578476072681
24.822329407397405
24.669426309024715
24.525874202906618
24.39391452249668
24.275918392619285
24.173134761907008
24.087438535996895
24.020503783232332
23.973629892254642
23.94848919166701
23.94524269398255
23.96530254835728
24.01099543824092
24.08348837704578
24.185156052709036
24.317626623123644
24.481711259602925
24.679142391147604
24.79578394185703
24.82117839719725
24.811066467063856
24.733259010458852
24.655306843166752
24.58097188853567
24.447852758467167
24.269155138754186
24.138220549549892
24.05484317792295
23.98239301790675
23.943794042314796
23.867198831164455
23.747993512106277
23.640714767159135
23.529229082327607
23.46084302162904
23.446322585839024
23.451957109901137
23.492955396137397
23.55527006310442
23.637160733107645
23.759811997459387
23.92116783138919
24.02260875826972
24.05867831815586
24.075776406277434
24.04778647414982
24.038282716109737
24.051688886983477
24.034008901541146
23.998854041474804
23.97436623632217
23.95625001785056
23.940115995902307
23.931589074125807
23.900430495923068
23.84530595984788
23.78534333311604
23.713520134850548
23.73147354111832
23.850968557292457
24.018929487665705
24.264813265190423
24.534552572322294
24.825023402514546
25.1898283368573
25.618879454256096
26.029497970471393
26.422324600972996
26.8314440834558
27.237055321468475
27.702989093220605
28.234120644130194
28.78294469670051
29.364360684674196
29.77147072653674
29.978364001049837
30.092973437440094
30.05423274407921
29.97013680961475
29.846082286752356
29.57228051960748
29.16801762504867
28.926715288228298
28.85900202742266
28.83531478391886
28.931640263471163
28.944934432311737
28.86175136083165
28.847424551739262
28.85779711055291
28.851733126368842
28.84561074544639
28.829012693048238
28.796628170981272
28.814131795627713
28.883083527595335
28.96832974549955
29.085334626996552
29.159649327736112
29.182633338951756
29.20207130082021
29.197764714796907
29.205486930829338
29.23041766098645
29.23790181397378
29.236440164631958
29.229053018198574
29.21140888631262
29.1878903612472
29.15771710228034
29.111478930464
29.048793288140224
28.972974749192517
28.88146863590193
28.858809724215888
28.91315520795233
29.00247461091352
29.150708382545062
29.30944759480021
29.475939260003297
29.69572828210573
29.95944370732378
30.080143385703725
30.045899951023692
29.939286447526705
29.70908731937482
29.47584308965794
29.245383773128424
28.9123404428514
28.500676444650093
28.347464437296615
28.471754285801293
28.729614605560652
29.21282564925769
29.697877806376585
30.17457986016918
30.835394052100952
31.635793251129456
32.27684298847572
32.75594037921966
33.18715857615988
33.49478503502161
33.905782974633354
34.43223733954017
34.897272208485326
35.3498077574191
35.677439201144196
35.84739790650503
35.94542219757519
35.93234254127479
35.82672668393704
35.63070858082369
35.296865642645514
34.82494447901035
34.58950241935718
34.61573364986787
34.72202112888541
35.009179680730966
35.243395368431464
35.408271989552844
35.707245682173465
36.090902768322415
36.35984133312808
36.521711898241605
36.63887590397711
36.66386343232761
36.76511216061417
36.95074496081306
37.09809684331021
37.244277265003404
37.379992621672955
37.491388298761045
37.609413436049294
37.72844992546992
37.823487229346476
37.89679799037139
37.9554231923267
37.99410395936339
37.95875708851849
37.8428976005109
37.6672214616865
37.41473536044341
37.11835198631583
36.77727902692457
36.358452295172064
35.866474627703255
35.39089560257297
34.934239104834354
34.45510705493577
33.97602921313363
33.433032640859324
32.82087616454627
32.18980709182746
31.525085138655324
31.092321691685672
30.92431476110779
30.886186700025842
31.056648613875538
31.295158924370877
31.595786793015474
32.101154614435956
32.78672588738516
33.14766207414508
33.15777175985539
33.04395850807591
32.67178526118651
32.376717606424826
32.17910669232852
31.7958422592057
31.29738324035984
30.896439532929048
30.576547806990625
30.282673537080864
30.06271868233002
29.718584128034976
29.240991848333042
28.766345161436817
28.249982751898877
27.823470078209663
27.512744003148274
27.2228082204356
26.99355792942101
26.781625758352916
26.579825655262056
26.44542251446578
26.369872679026148
26.31134130599333
26.27639526980852
26.281544620816508
26.320096535939
26.43226023006766
26.623294392858025
26.870319581725205
27.18496026693462
27.36107716127466
27.3779006901762
27.34280448052185
27.197659209043536
27.05945711405514
26.93627549059326
26.718351029887497
26.429162292297235
26.291219523570696
26.310373736577713
26.395490415594967
26.604072503121223
26.777436606492333
26.90672949134639
27.11997911933215
27.3834113959849
27.544297389341335
27.60318874033328
27.609285153904793
27.523535412104927
27.4671580173777
27.44419544934057
27.360477063991787
27.240849266379506
27.1544505576674
27.096317107822426
27.049995409558676
27.03151340763012
26.974836359755738
26.877461057939367
26.785288645450738
26.6838151276197
26.638567226193693
26.660788527447796
26.709292065987505
26.803979482254892
26.91875372816585
27.05123372277245
27.23262612388684
27.458374181271875
27.561672975318633
27.53140544777321
27.44427769866598
27.254807112301386
27.068330172866492
26.890771820685767
26.629733543541377
26.306563293735778
26.021004998584463
25.769833900649967
25.51890332340653
25.29184297650066
25.005382836611457
24.654694077689406
24.300241501815265
23.923204924393314
23.68786485687105
23.617149650906377
23.62040382474483
23.746626501501492
23.91599101543597
24.12383100469484
24.454879506507172
24.89504062846024
25.13082070546984
25.14548492999855
25.080514201168594
24.852269750810684
24.667315005448078
24.538158797769697
24.289630512979834
23.964976062384665
23.763769502675466
23.682616665055836
23.65528569187705
23.731040260173856
23.748202451666454
23.699477455672415
23.706667805246806
23.73502775724398
23.738118403997344
23.725201802483436
23.694106873141816
23.635257245263467
23.606862057758892
23.609267700321514
23.605774649071023
23.608703779251087
23.606253891913262
23.59395035049773
23.58626857670458
23.579400261077904
23.570278519545486
23.560273598885995
23.54767321379728
23.532046447474823
23.5230136330839
23.520901572063273
23.52073803923123
23.52487856795821
23.527740311795146
23.52871121148781
23.532449284963597
23.537625963256566
23.555590263078713
23.58803214482273
23.628671935789693
23.68095205698872
23.73937529114162
23.80365393938244
23.879716351207804
23.966623744273218
24.06816936342346
24.18585929809287
24.317628832999283
24.465146130585545
24.628193127823142
24.807188428715964
25.004127430415625
25.219469783396956
25.52624489724122
25.932811385933377
26.405917638796097
26.967431298798846
27.576940783880097
28.23380789921369
28.97874650312192
29.805244300368898
30.319380189677766
30.488293576019558
30.494275921635293
30.226462096320606
29.92445272393613
29.599344296539567
29.03219937097809
28.26897566631677
27.830828057285128
27.736657932224137
27.766609038112392
28.057252032361575
28.244174360692433
28.3069052704624
28.544144708799198
28.878941904164414
29.059903876937316
29.10018081644108
29.06765266749233
28.90269173831252
28.829100063642127
28.855567496773944
28.821492614314124
28.775386866329114
28.766189212703633
28.781917915650837
28.83408355431685
28.933007781446797
29.0096962306812
29.065614254715697
29.14415521706914
29.2317270332479
29.31843289721328
29.407751563426455
29.495178311718377
29.578829891518797
29.67766326278836
29.791451002120013
29.909203004834964
30.034893596866613
30.089339485297916
30.063561131890538
29.997514671989173
29.86814478592593
29.71773879155971
29.548304219916748
29.317721679958858
29.033611723214133
28.867542449390022
28.829787810545767
28.843306569603552
28.954544123462153
29.051918574491985
29.129278370738547
29.282834245159197
29.489792378042814
29.665455350307788
29.81483185429215
29.963880217784695
30.093302907221545
30.2785775316077
30.52398491657153
30.776825409070454
31.05441760296824
31.394886802820075
31.79743692610628
32.25739449907513
32.78532422320499
33.34756843571564
33.945339471414506
34.6056092635553
35.322882586311664
35.81899269517803
36.06980111043055
36.20307152908331
36.13984384270796
36.04916414990483
35.93815648856618
35.65121082798469
35.22019812861069
35.03210819290063
35.10159397178112
35.263596338776935
35.61959039400106
35.90020482970405
36.089923543278566
36.409910066011534
36.803125535392155
37.06587596529408
37.206038386133685
37.28194002168244
37.24426919570267
37.26851615013226
37.36135714431446
37.39420686368107
37.404635510178174
37.4402431350145
37.491565460855746
37.562383217555954
37.6627790261056
37.73189347505566
37.76983869318108
37.81531835222117
37.85575863718401
37.8140699589592
37.68601676056284
37.49874998735303
37.230428472149164
36.936023511935765
36.61616404269827
36.223275052339766
35.76724597260041
35.3496703390379
34.97331853336708
34.59541878203162
34.24212438370667
33.839720175915154
33.38365452123655
32.93271278116854
32.47085846702985
32.12815614512419
31.92514117482303
31.79014045346834
31.763264608080185
31.785068924786053
31.853134532581915
32.03475181611717
32.32062436754003
32.39504505863378
32.238995165157704
31.998433216192083
31.588478118869027
31.21311669129256
30.885035982306917
30.429055160189137
29.887740234794414
29.423069942661808
29.027397932320298
28.651321140701494
28.33282468335531
27.931516295890923
27.440388434323065
26.96000380445083
26.459051076329125
26.09737664632916
25.901485025402568
25.77377433768315
25.762748898041007
25.801162814491317
25.883576882117577
26.087972672452665
26.402627684645456
26.587218442781847
26.63196435253103
26.64576011492512
26.56622967469095
26.555782648862646
26.625681673028488
26.642360406943613
26.641218952087623
26.69263986855311
26.78707885995136
26.915351533147646
27.092456385100782
27.244207644380527
27.368505973494553
27.51405329471705
27.664528604927067
27.76253920045659
27.80644494465949
27.810908658475615
27.759641250131768
27.697465496989736
27.623745794992846
27.500712318325785
27.335948899111866
27.21096282133401
27.127836493827054
27.051698162943616
27.003376934025354
26.923000935147577
26.806593045080227
26.701378562338608
26.594100158179124
26.52348030505163
26.499018539867397
26.49338811118531
26.51945506700532
26.566699174672344
26.63414089445628
26.73930482346461
26.88107456801013
26.97393033747728
27.013307453191143
27.04018260606969
27.03211041066721
27.044517486500375
27.08160126812555
27.09676469958311
27.10213313857443
27.046116013306452
26.917430158254746
26.74825566550086
26.52154418407095
26.25504029736302
25.94936231059728
25.579188681735026
25.146462974332678
24.8200217153554
24.611271765601817
24.440074945080248
24.35217602169019
24.241238968190956
24.100435298316686
24.02250188274226
23.985341726725096
23.94909616386024
23.92278025287558
23.911574866983177
23.908948662237986
23.96311024913657
24.077165919060565
24.223548236831384
24.41442468886695
24.5371638335259
24.57951560154079
24.604706621456277
24.58119835374482
24.569312677656992
24.574457595816963
24.539068392212922
24.475787920819283
24.423044249503274
24.37609178562953
24.32431211551491
24.275275395182238
24.191453834147975
24.070102888020788
23.935016504779465
23.776891373772745
23.65379586684837
23.57295461812079
23.499447204331098
23.44967355828961
23.394510910908934
23.330843968228233
23.287430035475143
23.258030995007594
23.247142169328942
23.259598355405206
23.289641583490173
23.34041166367283
23.416873202188533
23.519933885519738
23.650948069993753
23.812111017542545
23.89794534098029
23.899268095880473
23.868242237576272
23.775489381994046
23.68360748713503
23.596505966541915
23.457038898261892
23.277775891925995
23.194714935068845
23.213160313286018
23.27658454960533
23.420952054094265
23.552097196051182
23.66521378769332
23.83837394462843
24.05209135482757
24.20819968625502
24.307177370866835
24.382753833516443
24.410218618777765
24.467295089128893
24.5573812910495
24.620800975592974
24.67403261484196
24.857377781759325
25.178079214138982
25.58160375593139
26.10661463583653
26.656961664713794
27.229822652047165
27.907916553248995
28.67293391151203
29.23236440761216
29.568749354171732
29.809019781956458
29.87332337516781
29.954459211802632
30.06156091610084
30.028030327143394
29.892380775694523
29.810562077008807
29.774241939259063
29.732755642681624
29.721688268715983
29.60358288341738
29.369979517056233
29.117027212767077
28.812845618936755
28.59930405069328
28.499426196223673
28.42247284033722
28.41059647487458
28.403688144071506
28.395187078215503
28.452810182952906
28.564850141194672
28.62472247343445
28.633487951161186
28.635898020682003
28.606703429234642
28.6265887800947
28.702070690497685
28.773130854121863
28.858797698827637
28.93331343043715
28.9883298001455
29.050372063305016
29.111053406096723
29.172335226925473
29.236698697962538
29.295829177444208
29.350450761044165
29.411664458897473
29.47880580965039
29.546807993748992
29.61792026715422
29.684101375578333
29.744353444506753
29.804163874443063
29.8613743718566
29.8421046198739
29.73901366720894
29.58475651163471
29.357667488945232
29.10071800436124
28.814804256455567
28.45835260140329
28.03866190761198
27.836485616852535
27.873254913366036
28.020397364448613
28.35605491960423
28.70554583276391
29.06034778082796
29.577152653245843
30.22178359736384
30.803615203478593
31.32713086784676
31.862870282304232
32.36556378386634
32.99068488649644
33.74842715654079
34.525250099523525
35.35684506729384
35.92250357437713
36.17816463901451
36.300384378578315
36.19381411324921
36.016242084541545
35.777067924315844
35.310386134288066
34.644391438064055
34.314372826219646
34.34536560127473
34.49778367188528
34.91281609514708
35.231401773855346
35.43099811021688
35.811445460948526
36.296443587450646
36.617820966858744
36.787596616807654
36.882007463671115
36.83696046052491
36.885341017869
37.03652128196583
37.12152509328815
37.19073563077816
37.26641647948975
37.33258797467069
37.41431449602391
37.51363003613278
37.574488754612695
37.59858321644108
37.61496147726715
37.61193833237836
37.572874899608586
37.497626733381686
37.385042818295304
37.22971365207388
37.049249049149566
36.842046621028274
36.59351933981043
36.30594670743288
35.99128104045278
35.647883877959
35.270420158496684
34.86086656414617
34.40607927763322
33.90425964309837
33.3627495701064
32.77767993179688
32.35096865484508
32.103171156697975
31.936194081658364
31.908171505265393
31.90374727036131
31.917610646326434
32.06002860732256
32.30961182350456
32.38225699153028
32.26723344960933
32.08743409087759
31.768646635738826
31.507818268485295
31.3169021242154
31.03448187362064
30.702636243774403
30.35391016244759
29.970886974029142
29.565901028989458
29.14136076750485
28.636243106381066
28.048301983317895
27.407282902734526
26.69794605651019
26.228199520721997
26.02929226423783
25.943688748153562
26.05873559967068
26.20239454041615
26.363985723226207
26.707228155136704
27.19860331916533
27.441935025546584
27.422798008512714
27.309140759830594
26.99726071015093
26.762240409338432
26.61973504825759
26.343820249902688
25.992625046753346
25.816314568263675
25.81108674768177
25.89749417998506
26.138094940769584
26.329350254022525
26.46350990680688
26.695167991463315
26.98155403511045
27.190828001230376
27.328069518033427
27.426393737336436
27.45312671369074
27.525477431236435
27.646405616458345
27.729473446870657
27.79887348977846
27.798897125988272
27.713477990950622
27.584654223701694
27.39306317151373
27.146466301074806
26.845681893502043
26.467906204956535
26.012546939775053
25.76621898319348
25.7517220473891
25.831367815816765
26.08442296372525
26.33715891162548
26.579296716198783
26.967340931508936
27.46641288888903
27.72755822186959
27.73842962673913
27.64241527188789
27.347663959952115
27.098673114809618
26.907909616358783
26.57419678235306
26.148351398812185
25.9111205396716
25.864480460268066
25.909231602334692
26.11744356224318
26.273287743324886
26.367894331017578
26.57075263941242
26.836974179865123
26.889270959147897
26.720673571806426
26.431747044988573
25.948958362700132
25.477495423014954
25.024451791228337
24.422901819625288
23.713930286651173
23.24793852278876
23.037890220944288
22.944738349810027
23.061824189256605
23.140246672284153
23.16918255365156
23.354290369379484
23.64498436160806
23.82754676069207
23.908366322707224
23.956512807686146
23.920414284829953
23.980686683074214
24.14619210852111
24.284602667271162
24.43568498257677
24.525347164939504
24.53190157075876
24.518395130767118
24.459977230160785
24.366253406015854
24.240741119631387
24.055416956135552
23.810956031961357
23.644482577203828
23.562790671602606
23.499280696653273
23.489499029017402
23.445314038167897
23.35954313026916
23.305825737547526
23.26453867067392
23.263937806943613
23.31608261228988
23.394390105952247
23.510031730877564
23.664864399768852
23.858542641488572
24.10145665278627
24.395514067136528
24.575247067564668
24.627612796850077
24.633520376723247
24.547494202477505
24.46946409580595
24.405893830038465
24.267150225069805
24.07365566790358
23.957872763293434
23.920217768574407
23.910684922811953
23.962490843568247
23.974751926082213
23.942009361895717
23.94234467595428
23.95388794152161
23.990186930912774
24.061832141683233
24.147499382162334
24.253831152687788
24.393054244183936
24.56471632295627
24.76966092340753
25.01145494016809
25.293029913318726
25.616937910874164
25.985909388398415
26.402667988982397
26.867362732350372
27.382446271817134
27.95181452899998
28.57743446892855
29.035944605400765
29.306682379347777
29.497295196064815
29.544463819363607
29.58022504345229
29.61132652540503
29.515114329060815
29.31696663050796
29.218268840224027
29.22010095444751
29.24130972855829
29.331861316567895
29.339584894815392
29.254581727652123
29.193752689846445
29.123063691416746
29.104803089685145
29.158334429828482
29.2303039519891
29.34218452075673
29.486506045467678
29.660658735010497
29.888743452236515
30.17064311949686
30.32633673757108
30.34387362000198
30.31015851331459
30.176777121428227
30.05554198128021
29.954197363471355
29.775251460254633
29.542248787449335
29.423986343026115
29.424253698121518
29.47875790519637
29.63151286269974
29.759759241494034
29.85808883077864
30.025742677385104
30.23741307795566
30.34028551270563
30.331808439112823
30.267476410521958
30.107481726504908
29.966846717969027
29.850169076788244
29.665615710650687
29.436816004915272
29.252878765452213
29.11088340232546
28.98408663337965
28.894172978033183
28.764467847647623
28.59180427485155
28.432442851801124
28.269840554456888
28.228841861088934
28.3285108285551
28.49894096893751
28.778096852803067
29.109057487006062
29.48886807541271
29.981165718990773
30.576582095242745
31.132885198929774
31.647821083866347
32.18557068230716
32.711094224671825
33.32715127684691
34.0422488781469
34.776996865974844
35.555311757229134
36.078957883111485
36.30898147368854
36.4024895233509
36.27081150902179
36.06698497248887
35.79850419616251
35.307521823354215
34.62094883661072
34.26467634610958
34.26421471639387
34.38368214327627
34.76222254485927
35.04782588606657
35.218570712785954
35.569278825850006
36.025373084413324
36.339051146966774
36.52403108688757
36.648405264540315
36.65400894201321
36.76111976866946
36.97898495370512
37.15045428490665
37.32379020522291
37.46917563891324
37.5673748711738
37.66701397351047
37.755976704397746
37.81207452113186
37.83887944883696
37.83618106158182
37.79920848502369
37.73321246688427
37.63611772695209
37.500668533215205
37.32618905195204
37.10954544804727
36.84789729672084
36.54053230224049
36.184846292030144
35.79062887999286
35.357071853665694
34.8759996436861
34.34873827571799
33.76626975566218
33.126089774227594
32.432626314606914
31.682436192277247
31.203458347324283
31.02861215378057
31.00084649801568
31.214676576265738
31.48112639819993
31.79207399825017
32.32770840024717
33.053239953567065
33.409750465561864
33.37007980509782
33.17958344906072
32.689517410205966
32.276310270612484
31.961505391973144
31.42894415473023
30.75720537814927
30.223114484186574
29.812215683918303
29.44434726087469
29.184342777592686
28.787689501273192
28.243026889172047
27.724603630269524
27.17821506916764
26.77035941513635
26.53565507029592
26.35682182216861
26.285780389329464
26.269741682200973
26.301551876985553
26.45508387404608
26.721430048915742
26.878726721318486
26.919466485694105
26.946227990910266
26.902593339033317
26.938886289129687
27.066855022290866
27.164913249361675
27.26685226604203
27.344276018189163
27.379940784961168
27.410769941180742
27.42431202615529
27.40766628155013
27.361975821590544
27.28103604105667
27.16066577797054
27.094039761657655
27.086674681677767
27.089595892954847
27.12687382735037
27.14117140297965
27.126819839519946
27.132216885439675
27.14412179178073
27.131965006479412
27.098374523178148
27.04827819810074
26.974491061826797
26.905567781690014
26.841854018887293
26.76299437737544
26.674776585810395
26.62995504215501
26.63156218684763
26.6587459895795
26.72616588592665
26.797781209337156
26.872528588601106
26.98160623374631
27.118175390260173
27.212505189309613
27.26222728981639
27.29631847955347
27.296520129738756
27.312358592276386
27.346544057439484
27.35873633900387
27.35939277609404
27.371124194417504
27.391021874249393
27.415282863412855
27.448685478354914
27.467489394600285
27.470774791869886
27.474008401500036
27.47181268584986
27.3572690721026
27.120605033469726
26.8076630225274
26.387324876799376
25.924308373038713
25.419947357913028
24.813123932514642
24.11504501254083
23.627739252667556
23.371589981437438
23.20987413299948
23.225449550251103
23.225096797814558
23.19873869714438
23.315768277871648
23.537441994409967
23.67866898902606
23.745391938752277
23.801849745595796
23.804300149430443
23.90737596671569
24.120353629818535
24.331215074946357
24.575119535344154
24.707485316049755
24.702462154756304
24.653719931831333
24.517185092450113
24.349698218051664
24.157080733050964
23.870836392964367
23.501164705781118
23.29458684447099
23.263333178086544
23.2952789550803
23.45553479953095
23.58180095214564
23.663591600140794
23.837543783009373
24.06917314996202
24.19529964996783
24.217335866640514
24.189460252114447
24.07065841090594
23.990500527791067
23.95420638280941
23.862323354957674
23.7420799276622
23.68549956660518
23.68990392079592
23.730337304129023
23.82979019996737
23.90874645314678
23.96500442851479
24.0579380972176
24.171137806774915
24.249757089237622
24.295358652776912
24.32279339643231
24.318329016333657
24.329897972173423
24.3588430959324
24.369481076763236
24.371729492720622
24.374472567607114
24.37432528997958
24.373683469493784
24.373813452788152
24.359723292063006
24.33110896092801
24.29612537701673
24.25128802283297
24.379330419778732
24.69934965464424
25.123051135783246
25.70337775560735
26.337456024807654
27.020983146386584
27.853576276514804
28.816590273875608
29.488922822506773
29.844363433595763
30.07166038063787
30.056217075083865
30.07068658243106
30.129557919209223
29.99633970464482
29.72622501783348
29.565589650037616
29.505546844668228
29.463371402851656
29.497185190036387
29.398797983556168
29.156296584094246
28.919980944221916
28.642754408434584
28.488749852738184
28.489647457384578
28.533910940959938
28.672039424384113
28.845231681688254
29.046381633450764
29.35080886536803
29.748028679244683
29.973334874903586
30.01431907749244
29.99199855176252
29.836958170244127
29.723923956107576
29.664694031043382
29.513130841496707
29.306779774368675
29.18425420832274
29.1407519208239
29.13597828754484
29.203687636497598
29.226547165404014
29.20019780910342
29.211410869634875
29.235244953810994
29.235726632767697
29.21908747134443
29.18507323064026
29.125965485461364
29.08533274782344
29.063472795710446
29.032350316799405
29.001125604468122
28.942706337213153
28.85167147155788
28.747247415678505
28.621136972035846
28.481237361998456
28.328777458582838
28.152292589030267
27.953138902375017
27.904725414666462
28.022512818412544
28.225615640094656
28.56327040009691
28.932701518657925
29.329415138121668
29.84911763251494
30.47250934291705
31.043922432594414
31.562988001140372
32.09305882591438
32.59585624137102
33.19001925389743
33.883696367897315
34.5866185264248
35.3256869135393
35.8433646535137
36.10351883391777
36.24604228601254
36.19366432398907
36.07260378407653
35.88939329663032
35.50982819384994
34.95570000598871
34.670875739905334
34.676096209456354
34.77112071041754
35.072778952107164
35.283218022839485
35.38315073269959
35.620757338380535
35.932339591485245
36.164707816681464
36.33455054270499
36.47208512614501
36.544004005995134
36.70304864711319
36.95519531190315
37.198438232640456
37.4670340550714
37.6607243840997
37.7603654433299
37.838670337855945
37.86563493292757
37.87456136732042
37.87129766224837
37.81270135706616
37.705635951044
37.574587426840424
37.41414803482479
37.21573379276255
36.982566725441096
36.6888654922826
36.33115542353395
35.92294459765321
35.456552179921545
35.03201741088811
34.65888920611767
34.282899149659116
33.93163861542941
33.5477913877583
33.126398277160924
32.719871847901686
32.315957126594384
32.03287121729869
31.890278907889726
31.82538515435392
31.875565847379207
31.986952795763465
32.158593757291584
32.45313848926148
32.8630891133292
33.014496426777825
32.88213719928772
32.64086546522883
32.18896787267064
31.76354450891667
31.378917412945142
30.82813508070137
30.159947591001526
29.6160494118068
29.191682484776155
28.80308002616663
28.509000830307254
28.113610341937854
27.606527921222888
27.13362990344952
26.651736345351978
26.305093704274885
26.124397683732663
26.011537825655985
26.012431057992593
26.080621395696863
26.211383915996077
26.470744745373857
26.851875613560942
27.051425800261313
27.052595104234683
26.99777225111893
26.80655641589455
26.675035797768214
26.61673955543012
26.465200153612184
26.26234942823124
26.17604654520203
26.201373612334656
26.286836724322605
26.473383586390835
26.62130674849105
26.72489735405596
26.88799207063953
27.0806857773739
27.216228609175108
27.297523421655438
27.344533417489718
27.335239632974048
27.34643536181325
27.37920482087915
27.375895369770166
27.351736825890296
27.32925849280367
27.303330146937178
27.27289368200052
27.24193959691465
27.180480748459917
27.08717338983569
26.979476073667232
26.850184561065866
26.77021527531874
26.747598356226796
26.743173663922356
26.77706759823317
26.811961872138397
26.844869756491114
26.912183091471057
27.00639356371851
27.068535950865904
27.09833772573105
27.11935020392911
27.11694311528042
27.135192532054806
27.17689029702803
27.208010399313398
27.2383434927907
27.2116161400363
27.118196083154064
26.99129266165668
26.8134829906479
26.608649268181328
26.378192832369283
26.09394939030539
25.759722303815504
25.48736637177521
25.282721903998052
25.094151681166228
24.951248090154756
24.780444840038445
24.576819414539585
24.402337548614682
24.241278581617646
24.082302939527267
23.932446953674184
23.786867343654
23.645172062976204
23.53012401448835
23.442806612024867
23.372768264773725
23.325923400993133
23.28349568141695
23.244041328201636
23.221814713952085
23.212460508695365
23.225737558677142
23.264101661795213
23.319757403228913
23.395842320274635
23.47832981146978
23.565490056592434
23.66682073433731
23.778519444241862
23.908314411964735
24.057419244002848
24.218896755295688
24.39471972693072
24.51119063881273
24.559957150114244
24.576967613101534
24.540559872000667
24.491605631090863
24.43166500189072
24.320423148970722
24.16509786412148
24.08238536756752
24.077167881496766
24.097761923844303
24.174724913292593
24.22817267321844
24.253025707728106
24.315117485187898
24.397306662975875
24.442524742233527
24.453369435100274
24.445265160926265
24.404471485387567
24.380810438844744
24.37602333028953
24.35380831676454
24.324776669928074
24.30079904661601
24.279038155808582
24.26127246681684
24.2498874731072
24.228508201586248
24.197178441234986
24.165991191125244
24.131523010585774
24.152601812623008
24.236165817467793
24.352240839877084
24.51805628971909
24.702728951780195
24.904810814127394
25.155468678853627
25.44920728373565
25.776539970273955
26.142039150597206
26.547978860842832
26.9942849444926
27.496414529205502
28.056765080130344
28.669201051402172
29.33879420794528
29.790069186977373
29.995951313335944
30.090567241654654
29.995178851940267
29.86872848284045
29.719078026986132
29.395937775958213
28.92932086975739
28.712896865130684
28.762474238186485
28.908638426247197
29.25486503586746
29.529856963077794
29.7178712639644
30.042856852487724
30.447483578876202
30.67088367979795
30.71565459401188
30.666863232657334
30.45887504522458
30.300821319443227
30.200795480221004
29.99864577489375
29.73819486131113
29.59362682025801
29.56327621026278
29.594719670597627
29.732526821915595
29.833565013189055
29.893727206600985
30.023057756118032
30.19240911046714
30.24255870626
30.171198144912733
30.03419910167104
29.789955768506143
29.560846044049992
29.351316275760396
29.064143660628954
28.724298751798056
28.516174639417333
28.445903354053947
28.442949704809088
28.556465022277674
28.65346030208749
28.72875975915011
28.891804475960218
29.115833704023583
29.211653448723546
29.175013057698454
29.078229773481873
28.871978573539515
28.696001286282904
28.556656541403484
28.34175070479914
28.080323583208706
28.0050262479576
28.12516394713128
28.35054053952782
28.743828327194464
29.14109592125564
29.536320489657705
30.06665391055038
30.69963999203313
31.282812214439378
31.820192477983916
32.364170338196296
32.87813640856815
33.489624951539284
34.20577633065625
34.93334825047134
35.70093487984073
36.22692637786163
36.47279646308798
36.591014110286565
36.497557840481605
36.33129655688666
36.09963525407667
35.65607826129034
35.02489030065795
34.706255039659396
34.72471020129136
34.854949695551916
35.2293125664711
35.51411542670424
35.688366403319556
36.03186600640878
36.47385301681787
36.76425783252822
36.91456725254222
36.996348713358515
36.95006163484996
36.99316805754112
37.13471362583475
37.21736646731354
37.28840163725865
37.375759201680644
37.465525063988956
37.57814059339912
37.71779260618743
37.82855606960696
37.91216098333641
37.999790346511176
38.080133002652836
38.071637154656436
37.9682911825052
37.80001767661371
37.543053194515025
37.2532874486576
36.93104397183563
36.5261840923151
36.04832858595007
35.58535913168668
35.137747747458874
34.66840828536921
34.19890667902461
33.66192088932968
33.05243143865089
32.42137410448424
31.753221361176468
31.300509784057372
31.094446059636756
31.00550425260821
31.10833196754888
31.269926442969567
31.484244487519934
31.886205926579137
32.45234683508928
32.74689342226155
32.74920738340868
32.65403174806407
32.346224509703795
32.11881738025617
31.99002517224176
31.715092547334866
31.356182826530453
31.021035051102544
30.688319137810634
30.347591875999527
30.018718766696693
29.575018796129008
29.010869484394078
28.402679113891995
27.720455781669674
27.223900162655305
26.943830140158532
26.734343606155672
26.669526648047455
26.615961817908527
26.562627731280134
26.641625926683314
26.8262209138914
26.925044544327477
26.939729477332964
26.945727219895577
26.896781610462664
26.94005458776662
27.085569349119453
27.22270243597663
27.384969555183627
27.476934308881347
27.477293542292067
27.455208051516376
27.38039611492167
27.281868475443627
27.16377652694612
26.98376486940922
26.74659285696968
26.613961850286486
26.59353072989827
26.609975297054287
26.705524665740548
26.774116840475063
26.808125495819738
26.89612663109122
27.015055142891367
27.07232578503306
27.0697694420186
27.03537441043833
26.946012824135927
26.877247367225504
26.831606761973926
26.75167568696121
26.653135750900912
26.597879951324874
26.58522057088736
26.59651920084984
26.64756204770918
26.687097288382848
26.713588793739078
26.766244808834884
26.834562955366906
26.892743295150375
26.943076831419194
26.990866220946533
27.030237841318755
27.086994563213814
27.16203642395712
27.23777898998114
27.31989918345574
27.36029984381255
27.35237282285745
27.322770565431828
27.257226163845445
27.178913542100847
27.089259449104766
26.963673375247264
26.8062873674228
26.692491044201486
26.625563216669182
26.571791807151662
